<gesture>
-0.16 -0.24 0.961538
-0.2 -0.24 0.961538
-0.24 -0.24 0.961538
-0.2 -0.24 0.846154
-0.2 -0.16 0.807692
-0.24 -0.12 0.807692
-0.24 -0.08 0.730769
-0.28 -0.04 0.653846
-0.28 0 0.5
-0.28 0 0.423077
-0.32 0 0.307692
-0.32 -0.08 0.269231
-0.36 -0.16 0.269231
-0.36 -0.16 0.346154
-0.4 -0.16 0.423077
-0.44 -0.16 0.461538
-0.48 -0.16 0.5
-0.52 -0.16 0.538462
-0.52 -0.12 0.5
-0.56 -0.08 0.5
-0.56 -0.04 0.461538
-0.6 -0.04 0.423077
-0.56 -0.08 0.461538
-0.6 -0.12 0.538462
-0.6 -0.12 0.615385
-0.6 -0.08 0.692308
-0.6 -0.04 0.692308
-0.64 -0.04 0.730769
-0.64 -0.04 0.769231
-0.6 -0.04 0.807692
-0.52 0 0.884615
-0.44 0 0.923077
-0.4 0.04 0.923077
-0.36 0.12 0.961538
-0.4 0.16 0.961538
-0.36 0.24 1
-0.24 0.32 1
-0.08 0.4 1.11538
0.08 0.44 1.26923
0.2 0.48 1.34615
0.24 0.52 1.38462
0.28 0.52 1.42308
0.36 0.56 1.46154
0.48 0.64 1.53846
0.64 0.68 1.57692
0.8 0.72 1.65385
0.92 0.72 1.65385
0.96 0.64 1.61538
1 0.6 1.61538
1 0.56 1.61538
0.96 0.52 1.65385
0.92 0.48 1.61538
0.84 0.4 1.57692
0.76 0.36 1.57692
0.68 0.28 1.53846
0.56 0.2 1.38462
0.52 0.16 1.34615
0.48 0.12 1.23077
0.44 0.08 1.19231
0.36 0 1.11538
</gesture>
<gesture>
0 -0.28 0.884615
-0.04 -0.2 0.923077
-0.08 -0.16 0.961538
-0.16 -0.12 0.884615
-0.28 -0.04 0.846154
-0.4 0 0.730769
-0.44 0 0.653846
-0.52 0 0.538462
-0.52 0.04 0.423077
-0.56 0.12 0.307692
-0.56 0.12 0.230769
-0.56 0.12 0.115385
-0.6 0.08 0.0384615
-0.64 0 0.0384615
-0.8 -0.16 0.0769231
-0.92 -0.28 0.115385
-1 -0.32 0.230769
-1 -0.28 0.269231
-0.96 -0.24 0.307692
-0.92 -0.16 0.384615
-0.8 -0.08 0.346154
-0.64 -0.08 0.384615
-0.52 -0.12 0.461538
-0.48 -0.16 0.538462
-0.48 -0.16 0.615385
-0.44 -0.12 0.653846
-0.4 0 0.730769
-0.32 0.12 0.884615
-0.28 0.2 1.07692
-0.16 0.28 1.23077
-0.04 0.32 1.38462
0 0.36 1.46154
0.08 0.4 1.53846
0.12 0.48 1.57692
0.16 0.52 1.69231
0.28 0.56 1.80769
0.44 0.64 1.84615
0.64 0.68 1.84615
0.72 0.64 1.84615
0.76 0.6 1.76923
0.8 0.6 1.65385
0.76 0.52 1.53846
0.72 0.44 1.38462
0.6 0.36 1.34615
</gesture>
<gesture>
-0.16 -0.32 0.730769
-0.08 -0.28 0.846154
-0.16 -0.24 0.884615
-0.36 -0.12 0.769231
-0.4 -0.08 0.692308
-0.48 -0.08 0.653846
-0.56 -0.08 0.538462
-0.64 -0.04 0.461538
-0.64 0 0.384615
-0.6 0 0.346154
-0.56 0 0.307692
-0.56 0 0.346154
-0.6 0 0.346154
-0.68 0 0.346154
-0.64 0 0.307692
-0.64 -0.04 0.307692
-0.64 -0.12 0.346154
-0.6 -0.16 0.384615
-0.56 -0.2 0.461538
-0.56 -0.16 0.5
-0.44 -0.04 0.653846
-0.32 0.04 0.769231
-0.24 0.08 0.884615
-0.12 0.12 0.961538
-0.04 0.16 1.03846
0 0.2 1.07692
0.04 0.28 1.26923
0.12 0.32 1.38462
0.2 0.36 1.46154
0.28 0.44 1.53846
0.36 0.44 1.53846
0.44 0.48 1.53846
0.56 0.52 1.57692
0.68 0.52 1.61538
0.76 0.52 1.65385
0.84 0.52 1.73077
0.88 0.52 1.69231
0.92 0.52 1.65385
</gesture>
<gesture>
-0.24 -0.32 0.538462
-0.28 -0.32 0.615385
-0.32 -0.28 0.615385
-0.36 -0.28 0.653846
-0.32 -0.28 0.653846
-0.36 -0.24 0.653846
-0.4 -0.24 0.615385
-0.4 -0.28 0.615385
-0.28 -0.28 0.653846
-0.2 -0.2 0.653846
-0.16 -0.16 0.692308
-0.16 -0.16 0.730769
-0.16 -0.12 0.730769
-0.16 -0.08 0.769231
-0.2 -0.08 0.807692
-0.2 -0.08 0.846154
-0.16 -0.08 0.846154
-0.12 -0.08 0.846154
-0.08 -0.08 0.846154
-0.08 -0.08 0.884615
-0.08 -0.08 0.923077
-0.12 -0.04 0.961538
-0.12 -0.08 1
-0.08 -0.12 1
-0.08 -0.08 1
-0.04 -0.04 1
-0.04 0 1
0 0.04 0.961538
0.08 0.12 1
0.08 0.16 0.961538
0.04 -0.04 1.07692
0.04 0 1.15385
0.16 0.08 1.23077
0.32 0.16 1.19231
</gesture>
<gesture>
-0.16 -0.24 0.884615
-0.32 -0.2 0.769231
-0.32 -0.16 0.730769
-0.32 -0.16 0.692308
-0.36 -0.12 0.692308
-0.36 -0.08 0.692308
-0.36 -0.04 0.653846
-0.32 -0.04 0.615385
-0.32 -0.08 0.615385
-0.32 -0.08 0.653846
-0.28 -0.04 0.692308
-0.2 0 0.692308
-0.16 0 0.692308
-0.08 -0.04 0.730769
-0.08 -0.08 0.730769
-0.08 -0.12 0.807692
-0.24 -0.12 0.884615
-0.2 0 0.923077
-0.08 0 0.923077
-0.04 0 0.961538
0.04 0 1.03846
0.04 0.12 1.15385
0.08 0.16 1.11538
0.16 0.2 1.07692
0.24 0.2 1.07692
0.24 0.16 1.11538
0.24 0.08 1.19231
0.28 0.08 1.23077
0.28 0.12 1.26923
0.32 0.16 1.26923
</gesture>
<gesture>
-0.2 -0.16 0.884615
-0.28 -0.12 0.807692
-0.32 -0.16 0.769231
-0.4 -0.12 0.730769
-0.44 -0.16 0.653846
-0.44 -0.12 0.615385
-0.4 -0.08 0.576923
-0.36 -0.04 0.538462
-0.28 0 0.5
-0.24 0.04 0.461538
-0.16 -0.04 0.461538
-0.24 -0.16 0.615385
-0.32 -0.2 0.653846
-0.4 -0.24 0.692308
-0.4 -0.2 0.692308
-0.28 -0.16 0.730769
-0.16 -0.16 0.730769
-0.12 -0.2 0.807692
-0.12 -0.24 0.884615
-0.16 -0.24 0.923077
-0.2 -0.24 0.961538
-0.2 -0.2 1
-0.12 -0.12 1.03846
0 -0.04 1.07692
0.08 0 1.11538
0.12 -0.04 1.11538
0.08 0 1.11538
0.16 0.08 1.19231
0.2 0.16 1.19231
0.24 0.2 1.15385
0.24 0.16 1.07692
0.16 0.08 1
0.2 0 1.07692
0.24 -0.04 1.11538
</gesture>
<gesture>
-0.12 -0.2 0.769231
-0.2 -0.16 0.807692
-0.32 -0.16 0.730769
-0.32 -0.12 0.692308
-0.24 -0.16 0.692308
-0.24 -0.08 0.730769
-0.24 -0.04 0.730769
-0.2 0 0.692308
-0.08 0 0.653846
-0.08 -0.08 0.692308
-0.2 -0.16 0.769231
-0.16 0 0.884615
-0.08 0.04 0.846154
-0.04 0.04 0.846154
0 0 0.846154
-0.04 -0.04 0.961538
-0.12 -0.04 1.03846
-0.08 0.04 1.07692
0 0.04 1.07692
0.12 0.04 1.15385
0.12 0.04 1.23077
0.16 0.08 1.23077
0.2 0.16 1.30769
0.28 0.2 1.38462
0.4 0.28 1.46154
0.48 0.24 1.46154
</gesture>
