<gesture>
0.72 0.36 0.384615
0.52 0.4 0.346154
0.4 0.48 0.423077
0.28 0.56 0.538462
0.16 0.6 0.615385
0.04 0.64 0.653846
-0.28 0.68 0.730769
-0.64 0.44 0.884615
-1.2 0.08 1.07692
-1.84 -0.36 1.23077
-2.32 -0.8 1.26923
-2.68 -1.04 1.23077
-2.76 -1.08 1.19231
-2.68 -1.08 1.23077
-2.6 -0.92 1.23077
-2.44 -0.6 1.15385
-2.36 -0.48 1.07692
-2.56 -0.24 1.07692
-2.76 0.2 0.884615
-2.72 0.96 0.653846
-2.36 1.96 0.384615
-1.88 2.68 0.461538
-1.28 2.72 0.923077
-0.84 2.4 1.19231
-0.68 2.2 1.15385
-0.16 2.28 0.807692
0.64 2.24 0.653846
1.24 2.12 0.692308
1.6 2 0.807692
1.8 1.84 0.807692
1.84 1.8 0.730769
1.56 1.36 0.769231
1.24 1.16 0.769231
1 1 0.807692
0.76 0.84 0.884615
0.56 0.64 0.961538
0.44 0.52 1.03846
0.4 0.44 1.07692
0.44 0.4 1.15385
0.48 0.36 1.23077
0.52 0.4 1.19231
</gesture>
<gesture>
-1.48 -0.68 1
-1.68 -0.6 1.15385
-1.8 -0.48 1.15385
-1.8 -0.36 1.07692
-2.04 -0.36 1
-2.44 -0.2 0.807692
-2.64 0.36 0.653846
-2.36 1.12 0.538462
-1.88 1.64 0.730769
-1.24 1.84 0.923077
-0.48 1.72 0.961538
0.08 1.56 0.807692
0.52 1.36 0.653846
0.84 1.28 0.576923
1 1.16 0.615385
1 1.16 0.653846
1 1.08 0.730769
1 1.04 0.730769
1.04 0.96 0.807692
1 0.88 0.923077
0.92 0.72 1.07692
0.8 0.64 1.15385
0.64 0.52 1.15385
0.48 0.4 1.19231
0.4 0.28 1.19231
</gesture>
<gesture>
-1.68 -0.72 1.19231
-2.04 -0.8 1.23077
-2.32 -0.68 1.11538
-2.28 -0.32 0.884615
-1.96 0.04 0.653846
-1.84 0.28 0.576923
-1.68 0.52 0.538462
-1.68 0.72 0.653846
-1.76 0.92 0.807692
-1.84 1.04 0.961538
-1.88 1.24 0.961538
-1.44 1.72 0.730769
-0.48 2.04 0.538462
0.44 1.84 0.5
1.04 1.76 0.653846
1.28 1.56 0.769231
1.32 1.44 0.730769
1.36 1.4 0.692308
1.44 1.36 0.846154
1.56 1.36 1.03846
1.68 1.32 1.15385
1.48 1.28 1.30769
1.28 1.08 1.19231
</gesture>
<gesture>
-0.32 -0.2 0.884615
-0.4 -0.2 1
-0.6 -0.24 1.07692
-1.04 -0.44 1.15385
-1.6 -0.72 1.23077
-2.08 -0.92 1.03846
-1.96 -0.56 0.692308
-1.32 -0.12 0.5
-1.04 0.04 0.730769
-1.48 -0.12 1.15385
-1.96 -0.2 1.11538
-2.12 0.12 0.730769
-1.84 0.6 0.307692
-1.4 1 0.384615
-0.88 1.16 0.692308
-0.12 1.28 0.807692
0.68 1.28 0.846154
1.12 1.28 0.769231
1.24 1.2 0.653846
1.08 1.12 0.615385
0.96 1.08 0.653846
1 1.12 0.769231
1.24 1.24 0.961538
1.44 1.28 1.11538
1.48 1.24 1.26923
1.28 1.12 1.30769
</gesture>
<gesture>
-1.84 -0.88 1.26923
-2.32 -1.04 1.23077
-2.8 -0.96 1.07692
-2.52 -0.36 0.615385
-1.8 0.12 0.461538
-1.52 0.28 0.692308
-1.68 0.32 0.961538
-2 0.32 0.961538
-1.76 0.72 0.5
-1.32 1.2 0.307692
-0.64 1.52 0.346154
0.04 1.6 0.461538
0.76 1.68 0.653846
1.16 1.56 0.730769
1.28 1.44 0.769231
1.08 1.36 0.807692
0.72 1.2 0.923077
0.56 1.08 1.03846
0.76 1.08 1.07692
1 1.04 1.19231
1.24 1.04 1.26923
1.24 0.96 1.30769
1.08 0.84 1.23077
1.04 0.76 1.15385
0.76 0.64 1.07692
</gesture>
<gesture>
-1.32 -0.56 0.884615
-1.68 -0.64 0.846154
-2 -0.64 0.807692
-2 -0.36 0.807692
-1.8 -0.12 0.807692
-1.76 0 0.730769
-1.88 0.08 0.807692
-2 0.24 0.846154
-1.72 0.6 0.692308
-1.44 0.8 0.692308
-1.12 1 0.615385
-1.12 1.16 0.730769
-0.76 1.44 0.730769
0 1.64 0.692308
0.56 1.72 0.846154
0.96 1.68 0.961538
1.28 1.68 0.961538
1.32 1.6 1
1.12 1.44 1.11538
0.96 1.32 1.23077
0.92 1.2 1.34615
1.24 1 1.19231
1.28 1 1.11538
</gesture>
<gesture>
-1.4 -0.56 1.38462
-1.96 -0.76 1.46154
-2.32 -0.72 1.23077
-2.44 -0.36 0.961538
-2.2 -0.08 0.807692
-1.92 0.24 0.769231
-1.92 0.4 0.884615
-2 0.52 0.884615
-2.04 0.68 0.692308
-1.84 1 0.538462
-1.48 1.28 0.538462
-0.92 1.48 0.538462
-0.48 1.6 0.576923
0.04 1.72 0.576923
0.56 1.88 0.615385
1.16 1.84 0.692308
1.48 1.68 0.807692
1.64 1.56 1.03846
1.6 1.4 1.11538
1.36 1.24 1.07692
1.08 1.12 1.03846
0.84 1 1.03846
0.72 0.88 1.07692
</gesture>
<gesture>
-2.04 -0.8 1
-2.24 -0.6 0.769231
-2 -0.12 0.5
-1.4 0.32 0.538462
-1.08 0.4 0.730769
-1.2 0.32 0.961538
-1.6 0.2 0.961538
-1.96 0.24 0.769231
-1.96 0.52 0.615385
-1.76 0.72 0.653846
-1.56 0.96 0.730769
-1.04 1.2 0.923077
-0.52 1.28 1.07692
-0.16 1.32 1.15385
0.28 1.4 1.07692
0.8 1.52 1
1.16 1.56 1
1.32 1.6 0.961538
1.44 1.6 0.884615
1.48 1.6 0.923077
1.44 1.56 1.03846
1.36 1.52 1.19231
</gesture>
<gesture>
-0.96 -0.32 1.19231
-1.4 -0.52 1.46154
-1.96 -0.76 1.46154
-2.4 -0.68 1.15385
-2.56 -0.6 0.653846
-2.48 -0.24 0.307692
-2.24 0.24 0.384615
-1.8 0.72 0.5
-1.48 1.08 0.615385
-1.12 1.2 0.730769
-0.64 1.28 0.730769
-0.32 1.24 0.769231
-0.24 1.24 0.807692
0 1.28 0.769231
0.24 1.28 0.846154
0.44 1.2 1
0.64 1.16 1.11538
0.8 1.16 1.15385
1 1.08 1.19231
1.08 0.96 1.15385
0.96 0.84 1.19231
0.88 0.72 1.19231
</gesture>
<gesture>
-2.2 -1.12 1.07692
-3.12 -1.6 1.07692
-3.96 -1.4 0.769231
-3.6 -0.48 0.307692
-2.6 0.48 0.0384615
-1.96 1.32 0.269231
-1.64 1.72 0.846154
-1.28 1.52 1.23077
-1.28 1.4 1.38462
-1.52 1.32 1.30769
-1.24 1.48 0.961538
-0.64 1.68 0.961538
-0.2 1.68 1.11538
0 1.6 1.26923
0.4 1.6 1.34615
0.84 1.56 1.30769
1.16 1.56 1.23077
1.28 1.48 1.19231
1.28 1.4 1.15385
1.12 1.24 1.15385
1.16 1.16 1.11538
1.12 1.12 1.07692
</gesture>
<gesture>
-1.04 -0.48 1.07692
-1.36 -0.6 1.19231
-1.8 -0.76 1.23077
-2.12 -0.72 1.11538
-2.24 -0.52 0.923077
-2.24 -0.32 0.769231
-2.28 -0.08 0.730769
-2.12 0.4 0.653846
-2.04 0.8 0.692308
-1.92 1.04 0.846154
-1.72 1.16 0.884615
-1.68 1.2 1.03846
-1.36 1.36 0.923077
-0.72 1.56 0.884615
0 1.64 1.03846
0.64 1.6 1.23077
1.12 1.56 1.23077
1.44 1.56 1.15385
1.68 1.56 1.07692
1.64 1.52 1.03846
</gesture>
<gesture>
-1 -0.4 1.15385
-1.36 -0.52 1.30769
-1.68 -0.6 1.26923
-2 -0.56 1.15385
-2.16 -0.44 1
-2.24 -0.32 0.846154
-2.32 -0.12 0.846154
-2.32 0.24 0.769231
-2.24 0.72 0.730769
-1.96 1.12 0.807692
-1.76 1.24 1.15385
-1.84 1.32 1.30769
-1.52 1.52 1.23077
-1.08 1.68 1.19231
-0.44 1.88 1.23077
0.52 1.8 1.19231
1.4 1.56 1.03846
1.76 1.48 0.884615
1.92 1.44 0.769231
1.64 1.32 0.730769
1.36 1.24 0.807692
1.28 1.24 1
</gesture>
<gesture>
-3.16 -1.12 1.23077
-3.48 -0.6 0.730769
-3.04 0.24 0.384615
-1.96 0.84 0.307692
-1.36 1.04 0.692308
-1.28 0.96 1.03846
-1.28 0.92 1.03846
-1.2 1.04 0.923077
-1 1.08 0.884615
-0.6 1.2 0.846154
-0.28 1.24 0.923077
-0.08 1.2 1.07692
0.04 1.24 1.11538
0.2 1.24 1.19231
0.4 1.2 1.15385
0.8 1.16 1.07692
1 1.12 1.03846
1.12 1.08 1.03846
1.12 1 1.03846
1.04 0.88 1.07692
1.08 0.88 1.11538
1.16 0.92 1.11538
</gesture>
<gesture>
-2.52 -0.92 1.19231
-2.6 -0.52 0.730769
-2.28 0.08 0.346154
-1.68 0.48 0.384615
-1.48 0.52 0.884615
-1.52 0.52 1.11538
-1.8 0.56 1.15385
-1.92 0.72 1.03846
-1.64 1 0.884615
-1.08 1.28 0.846154
-0.52 1.32 0.923077
-0.08 1.2 1.03846
0.04 1.08 1.19231
0.12 1.08 1.19231
0.44 1.16 1.15385
0.76 1.2 1.11538
1 1.16 1
1.04 1.12 1.03846
1.08 1.12 1.03846
</gesture>
<gesture>
-2.24 -0.64 1.11538
-2.24 -0.36 0.961538
-1.92 0.08 0.769231
-1.48 0.28 0.884615
-1.28 0.36 1.03846
-1.56 0.32 1.26923
-1.72 0.44 1.23077
-1.64 0.68 1.07692
-1.48 0.92 1.07692
-1.28 1.04 1.11538
-0.8 1.16 1.03846
-0.36 1.16 0.961538
0 1.12 0.846154
0.2 1.04 0.884615
0.28 0.96 0.884615
0.48 0.96 0.807692
0.72 1.04 0.807692
0.96 1.08 0.846154
1.08 1.08 0.884615
1.12 1.08 0.923077
1.2 1.12 1
1.28 1.08 1.07692
</gesture>
<gesture>
-3.4 -1.24 1.11538
-3.64 -0.48 0.807692
-3.08 0.4 0.576923
-2.08 0.96 0.653846
-1.68 1.12 0.961538
-1.72 0.96 1.15385
-1.8 0.92 1.07692
-1.6 1.12 0.961538
-1.16 1.28 0.807692
-0.6 1.36 0.884615
-0.32 1.28 0.961538
-0.08 1.24 0.923077
0.2 1.28 0.961538
0.4 1.24 0.961538
0.6 1.2 1
0.72 1.2 1.07692
0.96 1.36 1.15385
1.2 1.4 1.19231
1.32 1.36 1.26923
1.28 1.24 1.38462
</gesture>
<gesture>
-2.48 -0.88 1.42308
-2.84 -0.68 1.19231
-2.72 -0.2 0.769231
-2.28 0.28 0.576923
-2.08 0.48 0.807692
-2.04 0.64 1
-2.08 0.76 0.961538
-1.84 1 0.730769
-1.52 1.24 0.807692
-1.4 1.28 1.07692
-1.04 1.4 1.07692
-0.52 1.48 0.923077
-0.08 1.48 0.846154
0.24 1.44 0.769231
0.48 1.4 0.846154
0.72 1.4 1.03846
1.08 1.44 1.23077
1.32 1.52 1.34615
1.52 1.56 1.38462
1.4 1.56 1.38462
1.44 1.48 1.42308
</gesture>
<gesture>
-1.44 -0.56 1.23077
-1.84 -0.76 1.26923
-2.24 -0.84 1.11538
-2.36 -0.64 0.884615
-2.24 -0.32 0.615385
-2.04 -0.16 0.615385
-2.04 0 0.769231
-2.08 0.16 0.807692
-2.16 0.44 0.769231
-2.04 0.8 0.692308
-1.8 1.16 0.846154
-1.52 1.36 1
-1.04 1.56 0.961538
-0.44 1.68 0.923077
0.08 1.56 0.923077
0.48 1.48 1.07692
0.76 1.36 1.23077
1.08 1.36 1.30769
1.28 1.36 1.23077
</gesture>
<gesture>
-1.92 -0.88 1.34615
-2.44 -0.8 1.11538
-2.72 -0.56 0.961538
-2.68 -0.36 0.807692
-2.68 -0.16 0.961538
-2.8 -0.04 1.11538
-2.84 0.24 0.884615
-2.6 0.8 0.576923
-2.08 1.16 0.576923
-1.76 1.28 0.807692
-1.32 1.4 0.884615
-0.68 1.56 0.846154
-0.2 1.44 0.884615
0.04 1.36 0.923077
0.2 1.36 1.03846
0.36 1.36 1.07692
0.64 1.48 1.11538
0.96 1.52 1.15385
1.2 1.48 1.15385
1.48 1.48 1.19231
1.56 1.52 1.19231
1.64 1.48 1.19231
</gesture>
<gesture>
-2.76 -0.6 0.961538
-2.84 -0.24 0.730769
-2.76 0 0.653846
-2.48 0.28 0.846154
-2.32 0.48 1.03846
-2.4 0.48 1.11538
-2.56 0.6 1.03846
-2.44 0.92 0.884615
-2 1.32 0.846154
-1.72 1.6 1.11538
-1.2 1.68 1.11538
-0.52 1.96 0.961538
0.2 1.96 0.923077
0.76 1.8 0.846154
1.08 1.68 0.846154
1.24 1.64 0.769231
1.32 1.6 0.692308
1.36 1.64 0.692308
1.36 1.6 0.807692
1.32 1.56 0.961538
1.4 1.52 1.11538
1.48 1.52 1.23077
1.4 1.48 1.26923
1.12 1.24 1.26923
1 1.12 1.11538
1.16 1.08 0.961538
</gesture>
<gesture>
-2.4 -0.64 1.42308
-2.96 -0.72 1.38462
-3.2 -0.48 1.19231
-2.96 0 1
-2.72 0.44 0.923077
-2.68 0.84 0.961538
-2.24 1.36 0.807692
-1.6 1.52 0.884615
-1.12 1.52 1.11538
-0.92 1.4 1.19231
-0.6 1.44 0.923077
-0.28 1.44 0.769231
-0.12 1.4 0.730769
0.28 1.6 0.692308
0.84 1.56 0.730769
1.24 1.48 0.769231
1.36 1.4 0.807692
1.32 1.32 0.846154
1.16 1.2 0.923077
0.96 1.12 0.961538
0.92 1.08 1
</gesture>
<gesture>
-2.32 -0.76 1.19231
-2.84 -0.76 1.11538
-2.96 -0.4 0.807692
-2.44 0.12 0.5
-1.8 0.56 0.576923
-1.72 0.64 1
-1.88 0.56 1.23077
-1.72 0.68 0.961538
-1.56 0.88 0.884615
-1.2 0.96 0.923077
-0.68 1.12 0.884615
-0.28 1.12 0.884615
-0.08 1.12 0.807692
0.08 1.08 0.769231
0.24 1.16 0.730769
0.48 1.32 0.807692
0.84 1.52 1
1.28 1.64 1.19231
1.6 1.72 1.30769
1.76 1.72 1.34615
1.72 1.6 1.30769
1.48 1.48 1.15385
1.16 1.32 1.07692
1 1.16 1.03846
1 1 1
0.92 0.84 1
</gesture>
<gesture>
-2.72 -0.8 1.30769
-2.92 -0.44 1
-2.72 0 1.03846
-2.44 0.24 1.07692
-2.24 0.64 0.884615
-2.08 0.96 0.807692
-2.16 1.12 1.07692
-2.2 1.32 1.38462
-1.8 1.64 1.30769
-1 2 1.15385
-0.08 1.92 1.03846
0.48 1.76 0.961538
0.88 1.68 0.923077
1.12 1.56 0.923077
1.32 1.56 0.846154
1.48 1.52 0.769231
1.44 1.48 0.769231
1.24 1.36 0.807692
1.04 1.24 0.923077
1.08 1.12 1.07692
1.32 1.04 1.07692
</gesture>
<gesture>
-1.48 -0.4 1.38462
-1.96 -0.52 1.38462
-2.28 -0.56 1.26923
-2.56 -0.56 1.19231
-2.68 -0.36 1.03846
-2.56 -0.16 0.961538
-2.44 0.04 0.846154
-2.44 0.4 0.807692
-2.32 0.76 0.769231
-2.24 0.96 0.846154
-2.04 1.24 0.884615
-1.6 1.64 0.961538
-0.88 1.92 0.923077
-0.12 1.76 0.884615
0.12 1.56 0.884615
0.2 1.44 0.923077
0.44 1.44 0.846154
0.8 1.52 0.846154
1.12 1.56 0.846154
1.44 1.6 0.923077
1.64 1.64 1.03846
1.76 1.72 1.23077
1.68 1.68 1.23077
1.56 1.6 1.34615
1.36 1.52 1.46154
1.12 1.32 1.30769
</gesture>
<gesture>
-0.08 0.28 0.807692
-0.28 0.32 0.846154
-0.72 0.16 1
-1.28 -0.16 1.15385
-1.96 -0.52 1.26923
-2.64 -0.92 1.38462
-3.16 -1.2 1.15385
-3.28 -0.72 0.538462
-2.68 -0.16 0
-2.12 0.44 0.115385
-1.92 0.68 0.653846
-1.92 0.88 0.884615
-1.76 1.28 0.846154
-1.56 1.52 0.846154
-1.28 1.68 0.884615
-0.8 1.88 1
-0.04 2.04 1.15385
0.8 1.84 1.23077
1.16 1.56 1.15385
1 1.4 0.961538
0.8 1.2 0.807692
0.64 1.12 0.730769
0.84 1.12 0.807692
1.08 1.08 0.884615
1.16 1.04 1
1.16 0.96 1.11538
1.2 0.84 1.26923
1.04 0.8 1.34615
0.92 0.68 1.23077
</gesture>
<gesture>
-0.48 -0.08 1.07692
-0.8 -0.16 1.26923
-1.32 -0.36 1.26923
-2 -0.64 1.07692
-2.56 -0.72 0.807692
-2.6 -0.36 0.692308
-2.4 -0.12 0.923077
-2.48 0.04 1.07692
-2.68 0.24 1
-2.88 0.6 0.807692
-2.68 1.16 0.692308
-2.16 1.68 0.807692
-1.52 1.96 0.846154
-0.76 2.12 0.807692
0.08 2.12 0.807692
0.76 1.96 0.807692
1.12 1.76 0.961538
1.24 1.64 0.961538
1.36 1.52 0.807692
1.28 1.48 0.884615
1.2 1.44 1.03846
1.16 1.36 1.19231
1.16 1.28 1.34615
1.24 1.2 1.38462
1.2 1.08 1.42308
1.04 1 1.46154
0.88 0.88 1.38462
0.84 0.84 1.23077
0.64 0.72 1.15385
0.44 0.64 1.11538
</gesture>
<gesture>
-0.84 -0.16 0.961538
-1.2 -0.36 1.07692
-1.72 -0.64 1.11538
-2.28 -0.96 1.07692
-2.8 -1.16 0.884615
-3.2 -0.92 0.5
-2.88 -0.4 0.115385
-2.44 0 0.192308
-2.36 0.4 0.538462
-2.36 0.88 0.692308
-2.12 1.36 0.730769
-1.68 1.64 0.884615
-1.44 1.68 1.07692
-1.16 1.68 0.961538
-0.76 1.8 0.807692
-0.36 1.8 0.846154
0.04 1.84 1.03846
0.64 1.88 1.19231
1.28 2 1.30769
1.84 2.04 1.34615
2.04 2 1.34615
2 1.92 1.34615
</gesture>
<gesture>
-0.52 -0.2 0.807692
-0.84 -0.24 0.923077
-1.28 -0.32 1.03846
-1.76 -0.48 1.07692
-2.28 -0.6 1.03846
-2.68 -0.6 0.961538
-2.8 -0.36 0.884615
-2.6 0 0.807692
-2.44 0.36 0.884615
-2.36 0.56 0.923077
-2.44 0.68 0.884615
-2.36 0.88 0.692308
-2 1.24 0.538462
-1.48 1.48 0.538462
-0.84 1.64 0.538462
-0.24 1.76 0.576923
0.32 1.8 0.692308
0.72 1.76 0.846154
1 1.76 0.923077
1.32 1.76 0.961538
1.48 1.76 1.11538
1.56 1.8 1.30769
1.68 1.8 1.53846
1.68 1.68 1.65385
1.44 1.52 1.65385
</gesture>
<gesture>
-2.04 -1.08 1.23077
-2.88 -1.36 1.03846
-3.08 -0.8 0.5
-2.12 0.08 0.230769
-1 0.64 0.346154
-0.32 0.92 0.692308
-0.44 0.6 1.07692
-1 0.16 1.11538
-1.6 -0.08 1.07692
-1.56 0.16 0.692308
-1.12 0.52 0.461538
-0.76 0.68 0.461538
-0.6 0.72 0.538462
-0.56 0.72 0.692308
-0.44 0.8 0.807692
-0.2 0.84 0.846154
0.04 0.96 0.846154
0.36 1.08 0.923077
0.76 1.2 1.03846
1.16 1.32 1.07692
1.44 1.36 1.11538
1.44 1.28 1.19231
</gesture>
<gesture>
-2.24 -0.8 1.11538
-2.64 -0.84 0.961538
-2.84 -0.44 0.653846
-2.4 0.2 0.5
-1.72 0.56 0.5
-1.52 0.52 0.769231
-1.72 0.48 0.846154
-2 0.52 0.769231
-1.8 0.88 0.576923
-1.28 1.36 0.538462
-0.76 1.52 0.653846
-0.32 1.52 0.730769
0.04 1.56 0.846154
0.28 1.52 0.961538
0.48 1.48 1.15385
0.8 1.56 1.30769
1.24 1.68 1.46154
1.48 1.72 1.42308
1.64 1.64 1.38462
1.56 1.52 1.42308
1.4 1.36 1.42308
</gesture>
<gesture>
-3.28 -0.44 0.846154
-2.52 0.52 0.346154
-1.84 0.96 0.384615
-1.68 0.84 0.807692
-2.04 0.84 1.11538
-2.08 1.12 1.07692
-1.56 1.28 0.884615
-1.2 1.24 0.961538
-0.8 1.28 0.884615
-0.48 1.16 0.884615
-0.36 1.04 0.884615
-0.24 1.04 0.884615
0.04 1.08 0.923077
0.36 1.2 0.961538
0.76 1.32 1.07692
1.24 1.48 1.15385
1.64 1.6 1.23077
1.8 1.6 1.38462
1.72 1.52 1.34615
1.44 1.44 1.38462
</gesture>
<gesture>
-1.28 -0.36 1.19231
-1.64 -0.36 1.26923
-2.04 -0.36 1.30769
-2.52 -0.32 1.38462
-2.68 -0.24 1.19231
-2.76 0 1.07692
-2.8 0.24 0.961538
-2.72 0.6 0.846154
-2.6 0.88 0.846154
-2.4 1.12 0.884615
-2.08 1.48 0.923077
-1.56 1.64 0.961538
-0.88 1.84 0.807692
-0.28 1.88 0.653846
0.12 1.8 0.576923
0.4 1.76 0.615385
0.68 1.76 0.769231
1.08 1.88 0.884615
1.52 2 1.07692
1.8 1.92 1.30769
1.68 1.8 1.46154
1.52 1.68 1.5
1.32 1.56 1.46154
</gesture>
<gesture>
-2.16 -0.88 1.19231
-2.96 -1.28 1.03846
-3.56 -1.24 0.538462
-3.48 -0.48 0.153846
-2.6 0.2 0.230769
-1.92 0.68 0.538462
-1.8 0.92 0.730769
-1.6 1.08 0.769231
-1.52 1.04 0.884615
-1.32 1.16 0.884615
-0.92 1.36 0.769231
-0.48 1.48 0.730769
-0.08 1.48 0.807692
0.24 1.48 1
0.52 1.48 1.19231
0.76 1.52 1.38462
1.12 1.6 1.46154
1.28 1.6 1.53846
1.36 1.48 1.53846
</gesture>
<gesture>
-1.88 -0.88 1.15385
-2.68 -1.04 1.19231
-3 -0.68 0.692308
-2.4 0 0.384615
-1.8 0.28 0.615385
-1.48 0.36 0.884615
-1.52 0.32 1.03846
-1.76 0.24 1.03846
-1.72 0.48 0.692308
-1.4 0.8 0.5
-1 1.04 0.538462
-0.56 1.16 0.653846
-0.08 1.16 0.730769
0.28 1.16 0.884615
0.44 1.08 0.961538
0.56 1.12 0.923077
0.84 1.28 0.961538
0.96 1.4 1.07692
1.16 1.48 1.19231
1.32 1.52 1.34615
</gesture>
<gesture>
-3.2 -1.12 0.846154
-3.72 -0.8 0.461538
-3.32 -0.24 0.230769
-2.68 0.36 0.346154
-2.36 0.64 0.653846
-2.24 0.68 0.730769
-2.16 1.04 0.576923
-1.52 1.48 0.5
-0.84 1.72 0.615385
-0.16 1.84 0.769231
0.4 1.84 1
0.8 1.84 1.11538
1.12 1.72 1.03846
1.16 1.68 1.11538
1.16 1.6 1.30769
1.12 1.52 1.46154
1 1.44 1.42308
0.96 1.36 1.46154
0.96 1.28 1.46154
</gesture>
<gesture>
-2.8 -1.08 1.03846
-3.72 -1.16 0.846154
-3.76 -0.56 0.576923
-2.96 0.2 0.384615
-2.4 0.72 0.653846
-2.24 0.8 0.884615
-2.24 0.84 0.884615
-2.12 0.96 0.692308
-2 1.12 0.692308
-1.56 1.44 0.692308
-1 1.68 0.730769
-0.48 1.76 0.884615
-0.08 1.8 1.03846
0.4 1.8 1.19231
0.96 1.84 1.23077
1.68 1.92 1.15385
2.04 2 1.23077
2 1.92 1.23077
</gesture>
<gesture>
-2.64 -1.12 1
-3.28 -1.08 0.846154
-3.6 -0.68 0.538462
-3.36 -0.08 0.384615
-2.44 0.72 0.423077
-1.64 1.12 0.461538
-1.4 1.08 0.615385
-1.48 0.96 0.846154
-1.28 1.04 0.730769
-0.96 1.16 0.576923
-0.48 1.32 0.538462
-0.04 1.4 0.653846
0.36 1.4 0.769231
0.64 1.4 0.961538
0.88 1.4 1.11538
1.12 1.44 1.30769
1.4 1.44 1.38462
1.64 1.44 1.46154
1.48 1.32 1.53846
1.32 1.16 1.42308
1.12 1 1.30769
</gesture>
