<gesture>
-2.36 -0.96 0.615385
-2.64 -1.16 0.461538
-2.72 -1.32 0.269231
-2.52 -1.2 0.230769
-2.08 -0.88 0.269231
-1.68 -0.52 0.192308
-1.16 -0.2 0.192308
-0.72 0.04 0.230769
-0.28 0.28 0.307692
0.2 0.56 0.384615
0.72 0.84 0.384615
1.24 1 0.423077
1.68 1.2 0.384615
2.08 1.4 0.423077
2.36 1.48 0.538462
2.48 1.48 0.615385
2.52 1.48 0.615385
2.44 1.52 0.692308
2.28 1.48 0.769231
2.08 1.44 0.807692
1.96 1.36 0.846154
1.8 1.32 0.846154
1.6 1.28 0.769231
1.44 1.2 0.653846
1.12 1.2 0.653846
0.92 1.2 0.769231
0.6 1.12 0.923077
0.24 1.04 1.11538
-0.2 0.92 1.38462
-0.68 0.8 1.53846
-1.16 0.6 1.65385
-1.6 0.36 1.80769
-1.88 0.12 1.80769
-2.16 -0.04 1.76923
-2.32 -0.24 1.65385
-2.4 -0.36 1.5
-2.44 -0.48 1.34615
-2.4 -0.52 1.15385
-2.32 -0.56 0.961538
-2.24 -0.56 0.846154
-2.16 -0.52 0.769231
-2.08 -0.44 0.730769
-2.04 -0.36 0.730769
-1.84 -0.16 0.807692
-1.68 -0.04 0.846154
-1.52 0.04 0.846154
-1.48 0.08 0.730769
-1.52 0.08 0.653846
-1.56 0.08 0.576923
-1.64 0.04 0.307692
-1.52 0.04 0.346154
-1.32 0.12 0.384615
-1.12 0.28 0.461538
-0.76 0.52 0.5
-0.2 0.76 0.538462
0.4 1.04 0.692308
0.88 1.28 0.961538
1.32 1.52 1.23077
1.8 1.8 1.38462
2.16 2 1.46154
2.4 2.04 1.5
2.52 1.96 1.65385
2.4 1.76 1.69231
</gesture>
<gesture>
-1.48 -0.52 0.653846
-1.52 -0.6 0.5
-1.48 -0.72 0.384615
-1.4 -0.8 0.230769
-1.32 -0.8 0.115385
-1.16 -0.72 0.0769231
-0.8 -0.52 0.115385
-0.4 -0.24 0.153846
0.04 0.08 0.269231
0.48 0.36 0.384615
0.88 0.64 0.5
1.16 0.8 0.576923
1.44 0.92 0.615385
1.68 1.04 0.653846
1.88 1.2 0.769231
2.12 1.32 0.884615
2.36 1.48 0.961538
2.48 1.56 1.07692
2.4 1.6 1.15385
2.16 1.52 1.19231
1.88 1.4 1.19231
1.64 1.28 1.19231
1.44 1.16 1.15385
1.16 1.08 1.11538
0.84 1.04 1.15385
0.56 1 1.19231
0.32 0.96 1.23077
0.04 0.84 1.26923
-0.32 0.72 1.26923
-0.72 0.48 1.30769
-1.08 0.24 1.30769
-1.44 0.04 1.26923
-1.72 -0.12 1.23077
-1.92 -0.24 1.19231
-2.08 -0.36 1.19231
-2.16 -0.48 1.23077
-2.32 -0.6 1.15385
-2.48 -0.72 1.03846
-2.6 -0.8 0.884615
-2.6 -0.8 0.653846
-2.52 -0.8 0.461538
-2.48 -0.8 0.269231
-2.36 -0.72 0.153846
-2.2 -0.6 0.153846
-2.04 -0.4 0.192308
-1.84 -0.2 0.192308
-1.64 0.08 0.346154
-1.52 0.16 0.384615
-1.32 0.24 0.384615
-1.16 0.24 0.384615
-1 0.32 0.384615
-0.76 0.4 0.423077
-0.56 0.48 0.538462
-0.32 0.64 0.692308
0 0.88 0.923077
0.44 1.12 1.23077
0.8 1.28 1.53846
1.08 1.4 1.80769
1.32 1.56 1.84615
1.52 1.6 1.80769
1.68 1.56 1.76923
</gesture>
<gesture>
-1.64 -0.76 0.307692
-1.92 -0.96 0.230769
-2.24 -1.16 0.307692
-2.24 -1.16 0.346154
-2.08 -1.08 0.307692
-1.92 -0.88 0.384615
-1.72 -0.64 0.5
-1.36 -0.36 0.538462
-0.96 -0.04 0.538462
-0.52 0.32 0.461538
-0.04 0.68 0.461538
0.64 1.04 0.461538
1.2 1.4 0.461538
1.68 1.64 0.5
2.12 1.88 0.576923
2.56 2.04 0.692308
2.8 2.12 0.846154
2.88 2.12 1
2.72 2 1.11538
2.48 1.84 1.07692
2.24 1.64 1.03846
2.04 1.48 1
1.8 1.32 1
1.6 1.2 1
1.4 1.16 0.961538
1.24 1.16 0.923077
0.96 1.16 0.923077
0.8 1.12 0.884615
0.6 1.08 0.807692
0.4 1.08 0.692308
0.04 1.04 0.653846
-0.32 0.92 0.769231
-0.68 0.72 1.07692
-1.12 0.52 1.34615
-1.6 0.24 1.42308
-2.08 -0.04 1.42308
-2.52 -0.36 1.46154
-2.76 -0.52 1.46154
-2.88 -0.64 1.30769
-2.92 -0.68 1.07692
-2.92 -0.72 0.846154
-2.8 -0.72 0.846154
-2.6 -0.6 0.923077
-2.36 -0.48 1
-2.24 -0.36 0.961538
-2.12 -0.24 0.923077
-2.04 -0.16 0.846154
-1.88 -0.08 0.730769
-1.72 0 0.653846
-1.6 0.08 0.615385
-1.52 0.16 0.576923
-1.36 0.2 0.461538
-1.32 0.2 0.307692
-1.28 0.2 0.269231
-1.28 0.2 0.230769
-1.36 0.16 0.230769
-1.48 0 0.269231
-1.36 0.08 0.346154
-1.12 0.28 0.5
-0.56 0.68 0.692308
0.2 1.12 1.07692
0.96 1.56 1.46154
1.6 2 1.73077
1.96 2.32 1.76923
2 2.36 1.69231
2.12 2.36 1.73077
</gesture>
<gesture>
-1.92 -0.92 0.615385
-2.08 -1 0.576923
-2.08 -1.12 0.653846
-1.96 -1.08 0.615385
-1.8 -0.96 0.538462
-1.6 -0.8 0.461538
-1.2 -0.52 0.461538
-0.68 -0.2 0.5
-0.2 0.16 0.576923
0.28 0.44 0.653846
0.72 0.72 0.653846
1.16 0.96 0.730769
1.56 1.08 0.769231
1.84 1.2 0.769231
2.04 1.28 0.807692
2.08 1.28 0.884615
2.04 1.24 0.923077
2.08 1.28 0.961538
2.12 1.32 1
2.04 1.28 1.03846
1.92 1.24 1.07692
1.76 1.16 1
1.56 1.12 0.923077
1.36 1.08 0.884615
1.16 1.04 0.923077
0.92 1 1.03846
0.68 0.92 1.19231
0.48 0.84 1.23077
0.28 0.76 1.23077
0.04 0.64 1.23077
-0.16 0.52 1.19231
-0.48 0.4 1.07692
-0.84 0.2 1
-1.08 0.04 1.03846
-1.28 -0.08 1.03846
-1.48 -0.16 1.03846
-1.68 -0.28 1
-1.96 -0.44 0.961538
-2.24 -0.64 0.846154
-2.44 -0.8 0.692308
-2.56 -0.88 0.615385
-2.56 -0.88 0.576923
-2.44 -0.84 0.538462
-2.32 -0.76 0.5
-2.24 -0.68 0.461538
-2.12 -0.56 0.461538
-1.88 -0.32 0.461538
-1.76 -0.24 0.461538
-1.64 -0.12 0.5
-1.48 -0.04 0.538462
-1.24 0.08 0.5
-1 0.16 0.538462
-0.8 0.28 0.576923
-0.76 0.24 0.653846
-0.76 0.2 0.769231
-0.76 0.2 0.846154
-0.64 0.28 0.961538
-0.4 0.36 1.07692
-0.08 0.52 1.23077
0.24 0.76 1.38462
0.52 0.96 1.42308
0.76 1.08 1.38462
</gesture>
<gesture>
-1.52 -0.44 1.03846
-1.8 -0.68 0.961538
-2.08 -0.88 0.807692
-2.2 -1 0.653846
-2.08 -1.04 0.5
-1.96 -0.96 0.384615
-1.8 -0.88 0.307692
-1.6 -0.76 0.192308
-1.28 -0.56 0.115385
-0.8 -0.36 0.115385
-0.36 -0.16 0.153846
0.08 0.12 0.230769
0.52 0.36 0.346154
0.88 0.56 0.423077
1.2 0.72 0.576923
1.4 0.84 0.692308
1.48 0.92 0.807692
1.6 0.96 0.884615
1.64 1.04 0.961538
1.76 1.04 1.07692
1.84 1.12 1.15385
1.96 1.16 1.19231
1.88 1.16 1.19231
1.8 1.12 1.26923
1.76 1.12 1.26923
1.6 1.08 1.11538
1.4 1.2 0.923077
1 1.28 0.961538
0.64 1.24 0.807692
0.12 1.08 0.769231
-0.4 0.8 0.884615
-1 0.44 1.03846
-1.56 0.08 1.07692
-2 -0.28 1
-2.28 -0.52 1
-2.4 -0.68 0.961538
-2.48 -0.76 0.961538
-2.52 -0.8 1.03846
-2.4 -0.8 1.03846
-2.2 -0.76 1
-2 -0.64 0.961538
-1.88 -0.56 0.846154
-1.64 -0.36 0.769231
-1.64 -0.32 0.769231
-1.64 -0.28 0.769231
-1.6 -0.28 0.730769
-1.6 -0.28 0.653846
-1.6 -0.24 0.423077
-1.6 -0.24 0.384615
-1.6 -0.2 0.307692
-1.6 -0.2 0.230769
-1.56 -0.16 0.192308
-1.48 -0.16 0.153846
-1.36 -0.12 0.192308
-1.24 -0.08 0.230769
-1.08 0 0.346154
-0.84 0.2 0.461538
-0.52 0.44 0.653846
-0.08 0.76 1
0.4 1.08 1.34615
0.88 1.36 1.73077
1.08 1.56 1.84615
1.08 1.64 1.80769
1.16 1.68 1.84615
</gesture>
<gesture>
-2.76 -1.12 0.230769
-3.08 -1.4 0
-3.04 -1.52 -0.192308
-2.88 -1.48 -0.269231
-2.68 -1.4 -0.307692
-2.48 -1.24 -0.307692
-2.16 -0.88 -0.346154
-1.64 -0.48 -0.346154
-1 -0.08 -0.230769
-0.4 0.32 -0.0384615
0.2 0.76 0.115385
0.76 1.16 0.307692
1.24 1.48 0.461538
1.64 1.76 0.692308
1.96 2 0.923077
2.24 2.12 1.11538
2.48 2.24 1.26923
2.68 2.28 1.5
2.6 2.2 1.69231
2.44 2.08 1.80769
2.2 1.84 1.73077
1.96 1.6 1.61538
1.64 1.32 1.5
1.28 1.12 1.46154
1 0.92 1.46154
0.84 0.88 1.5
0.8 0.92 1.57692
0.84 1.04 1.61538
0.76 1.2 1.65385
0.6 1.28 1.65385
0.32 1.32 1.65385
0.04 1.32 1.53846
-0.4 1.2 1.26923
-1 0.84 1
-1.72 0.44 0.730769
-2.32 0.04 0.538462
-2.76 -0.32 0.461538
-2.96 -0.52 0.384615
-3.12 -0.68 0.269231
-3.16 -0.76 0.230769
-3 -0.76 0.192308
-2.8 -0.64 0.192308
-2.56 -0.52 0.230769
-2.4 -0.4 0.307692
-2.16 -0.24 0.346154
-1.92 -0.12 0.384615
-1.72 0 0.461538
-1.52 0.12 0.538462
-1.36 0.24 0.653846
-1.2 0.32 0.730769
-1.08 0.4 0.730769
-1.12 0.4 0.692308
-1.2 0.32 0.653846
-1.28 0.24 0.576923
-1.52 0 0.346154
-1.52 -0.04 0.384615
-1.32 0.08 0.423077
-1 0.28 0.5
-0.56 0.56 0.615385
-0.08 0.84 0.807692
0.4 1.12 1.07692
0.88 1.32 1.38462
1.12 1.52 1.5
1.48 1.76 1.61538
1.68 1.88 1.65385
1.88 1.96 1.76923
</gesture>
<gesture>
-1.4 -0.32 1.15385
-1.68 -0.44 1.19231
-1.88 -0.68 1.03846
-2 -0.84 0.884615
-2.04 -0.96 0.769231
-2 -1.04 0.653846
-1.88 -0.96 0.5
-1.64 -0.76 0.346154
-1.2 -0.44 0.269231
-0.68 -0.12 0.230769
-0.16 0.16 0.307692
0.28 0.44 0.307692
0.72 0.68 0.307692
1.12 0.88 0.307692
1.44 1.04 0.346154
1.76 1.16 0.423077
2.08 1.32 0.5
2.28 1.4 0.615385
2.4 1.48 0.653846
2.48 1.56 0.653846
2.52 1.6 0.692308
2.48 1.64 0.692308
2.36 1.6 0.653846
2.24 1.48 0.615385
1.88 1.24 0.653846
1.56 1.08 0.692308
1.4 1.04 0.692308
1.04 1.08 0.884615
0.72 1.04 0.884615
0.36 1.04 0.884615
-0.04 0.96 1.03846
-0.4 0.8 1.26923
-0.84 0.64 1.42308
-1.28 0.4 1.46154
-1.68 0.16 1.42308
-2.08 -0.08 1.46154
-2.36 -0.32 1.57692
-2.48 -0.44 1.65385
-2.56 -0.52 1.61538
-2.6 -0.56 1.53846
-2.6 -0.6 1.46154
-2.6 -0.6 1.23077
-2.56 -0.6 1.03846
-2.52 -0.6 0.923077
-2.48 -0.56 0.846154
-2.36 -0.44 0.769231
-2 -0.16 0.769231
-1.8 0 0.807692
-1.64 0.08 0.769231
-1.48 0.16 0.653846
-1.44 0.16 0.538462
-1.36 0.12 0.461538
-1.28 0.12 0.423077
-1.08 0.24 0.5
-0.84 0.36 0.538462
-0.6 0.48 0.576923
-0.24 0.72 0.615385
0.24 0.88 0.653846
0.64 1.04 0.730769
0.96 1.2 0.961538
1.24 1.36 1.15385
1.52 1.52 1.30769
1.72 1.6 1.5
1.84 1.6 1.53846
2 1.64 1.53846
2.12 1.6 1.57692
</gesture>
<gesture>
-1.56 -0.52 1.03846
-1.8 -0.68 0.961538
-2 -0.84 0.884615
-2.04 -0.96 0.846154
-2.04 -0.96 0.807692
-1.92 -0.88 0.692308
-1.76 -0.76 0.615385
-1.48 -0.52 0.576923
-1.08 -0.24 0.538462
-0.68 0.04 0.538462
-0.28 0.28 0.5
0.16 0.56 0.423077
0.68 0.8 0.423077
1.08 1 0.5
1.4 1.12 0.576923
1.64 1.2 0.692308
1.88 1.28 0.769231
1.96 1.28 0.884615
1.92 1.24 0.923077
1.84 1.16 1
1.8 1.12 1
1.8 1.08 1
1.76 1.08 0.961538
1.64 1.04 0.884615
1.6 1 0.884615
1.68 1.04 0.846154
1.76 1.16 0.807692
1.76 1.28 0.769231
1.76 1.44 0.730769
1.64 1.56 0.769231
1.48 1.68 0.884615
1.16 1.76 1.03846
0.6 1.8 0.961538
-0.2 1.56 0.653846
-0.88 1.16 0.769231
-1.32 0.8 1.07692
-1.72 0.44 1.15385
-2.12 0.12 1.19231
-2.24 -0.04 1.23077
-2.24 -0.12 1.30769
-2.36 -0.24 1.34615
-2.52 -0.32 1.30769
-2.64 -0.36 1.15385
-2.72 -0.4 1.07692
-2.72 -0.44 1.07692
-2.64 -0.4 1.07692
-2.52 -0.32 1
-2.2 -0.16 0.884615
-2.08 -0.08 0.884615
-1.92 0 0.769231
-1.84 0.08 0.769231
-1.76 0.2 0.769231
-1.68 0.24 0.692308
-1.64 0.28 0.576923
-1.6 0.24 0.461538
-1.52 0.2 0.307692
-1.44 0.2 0.192308
-1.32 0.2 0.153846
-1.16 0.24 0.230769
-0.92 0.44 0.307692
-0.52 0.68 0.307692
-0.12 0.92 0.423077
0.36 1.12 0.653846
0.88 1.36 0.923077
1.32 1.56 1.11538
1.52 1.68 1.30769
1.36 1.6 1.61538
1.52 1.56 1.61538
</gesture>
<gesture>
-0.76 -0.32 0.923077
-1.08 -0.36 1.03846
-1.48 -0.48 1.11538
-1.72 -0.64 1.19231
-1.88 -0.76 1.23077
-2 -0.84 1.15385
-2.04 -0.92 1.03846
-2 -0.88 0.923077
-1.8 -0.72 0.769231
-1.48 -0.48 0.615385
-1.04 -0.24 0.538462
-0.56 -0.04 0.461538
-0.16 0.16 0.384615
0.2 0.32 0.384615
0.52 0.48 0.423077
0.84 0.6 0.423077
1.16 0.72 0.423077
1.44 0.8 0.423077
1.64 0.84 0.461538
1.8 0.88 0.538462
1.84 0.88 0.653846
1.88 0.88 0.730769
1.88 0.88 0.769231
1.88 0.88 0.730769
1.8 0.88 0.653846
1.68 0.84 0.615385
1.76 0.88 0.461538
1.76 0.96 0.307692
1.72 0.96 0.192308
1.68 0.96 0.230769
1.68 1 0.307692
1.56 1.08 0.384615
1.4 1.16 0.5
1.08 1.2 0.807692
0.68 1.24 1.15385
0.24 1.2 1.30769
-0.32 1.08 1.38462
-0.76 0.88 1.61538
-1.08 0.72 1.65385
-1.32 0.6 1.57692
-1.56 0.44 1.57692
-1.76 0.28 1.65385
-1.96 0.08 1.80769
-2.04 -0.04 1.76923
-2.04 -0.08 1.57692
-2.08 -0.16 1.46154
-2.2 -0.28 1.34615
-2.28 -0.4 1.26923
-2.36 -0.44 1.23077
-2.36 -0.4 1.15385
-2.36 -0.4 1.11538
-2.32 -0.36 1.03846
-2.32 -0.32 0.923077
-2.2 -0.24 0.769231
-2 -0.08 0.615385
-1.88 0 0.5
-1.8 0 0.461538
-1.68 0 0.423077
-1.56 0 0.384615
-1.44 0.04 0.423077
-1.28 0.16 0.5
-1.04 0.28 0.5
-0.8 0.44 0.576923
-0.6 0.64 0.653846
-0.24 0.8 0.730769
0.16 1.08 0.846154
0.56 1.32 0.961538
0.96 1.56 1.11538
1.44 1.76 1.23077
1.8 1.92 1.38462
2.08 1.88 1.38462
2.08 1.8 1.38462
</gesture>
<gesture>
-1.2 -0.52 0.807692
-1.52 -0.64 0.923077
-1.8 -0.8 1
-2.04 -1.04 1
-2.28 -1.2 1.03846
-2.24 -1.2 1.15385
-2.08 -1 1.03846
-1.8 -0.68 0.961538
-1.44 -0.36 0.884615
-1 -0.08 0.769231
-0.6 0.12 0.615385
-0.24 0.24 0.5
0.04 0.36 0.461538
0.28 0.48 0.423077
0.48 0.56 0.384615
0.68 0.64 0.461538
0.88 0.76 0.538462
1.08 0.84 0.615385
1.24 0.92 0.653846
1.36 0.96 0.692308
1.48 0.96 0.730769
1.56 1 0.807692
1.64 1 0.807692
1.68 1.04 0.807692
1.64 1.04 0.730769
1.64 1.04 0.653846
1.6 0.96 0.615385
1.52 0.92 0.615385
1.52 0.92 0.538462
1.48 0.92 0.5
1.48 1 0.461538
1.4 1.12 0.5
1.36 1.28 0.615385
1.24 1.48 0.730769
0.96 1.56 0.961538
0.64 1.6 1.30769
0.24 1.56 1.57692
-0.36 1.48 1.61538
-1.12 1.2 1.26923
-1.84 0.88 0.807692
-2.28 0.4 0.884615
-2.4 0.04 1.30769
-2.44 -0.12 1.42308
-2.56 -0.28 1.34615
-2.52 -0.36 1.38462
-2.52 -0.4 1.30769
-2.52 -0.44 1.19231
-2.56 -0.48 1.07692
-2.44 -0.44 1.03846
-2.28 -0.36 1
-2 -0.24 0.923077
-1.8 -0.12 0.884615
-1.56 0.04 0.807692
-1.36 0.16 0.807692
-1.24 0.24 0.769231
-1.28 0.28 0.692308
-1.36 0.28 0.692308
-1.48 0.2 0.769231
-1.88 0 0.653846
-2 -0.08 0.615385
-2.04 -0.16 0.615385
-2 -0.2 0.653846
-1.88 -0.04 0.615385
-1.52 0.24 0.538462
-1.04 0.6 0.615385
-0.32 0.92 0.615385
0.28 1.16 0.615385
0.8 1.36 0.615385
1.16 1.44 0.692308
1.44 1.48 0.807692
1.68 1.56 0.961538
1.92 1.68 1.11538
2.12 1.72 1.15385
2.16 1.68 1.23077
2.12 1.56 1.34615
</gesture>
<gesture>
-0.96 -0.32 1.42308
-1.24 -0.4 1.53846
-1.52 -0.48 1.5
-1.68 -0.56 1.38462
-1.72 -0.6 1.15385
-1.64 -0.64 0.807692
-1.6 -0.72 0.5
-1.56 -0.8 0.269231
-1.44 -0.8 0.115385
-1.2 -0.68 0.0384615
-0.88 -0.52 -0.0384615
-0.4 -0.24 -0.0769231
0.16 0.08 0
0.76 0.36 0.153846
1.2 0.56 0.307692
1.52 0.72 0.346154
1.6 0.8 0.423077
1.64 0.88 0.576923
1.72 1 0.807692
1.96 1.16 1
2.04 1.28 1.26923
1.96 1.28 1.5
1.8 1.24 1.61538
1.6 1.16 1.61538
1.36 1.04 1.53846
1.12 0.88 1.5
0.84 0.72 1.42308
0.64 0.64 1.34615
0.52 0.6 1.26923
0.44 0.56 1.23077
0.36 0.52 1.26923
0.2 0.52 1.26923
-0.04 0.44 1.23077
-0.32 0.36 1.11538
-0.68 0.2 1.03846
-1 0.04 1.03846
-1.28 -0.08 1.07692
-1.52 -0.24 1
-1.76 -0.4 0.961538
-1.96 -0.56 0.884615
-2.08 -0.68 0.807692
-2.16 -0.76 0.653846
-2.24 -0.8 0.5
-2.24 -0.84 0.384615
-2.16 -0.8 0.346154
-2.12 -0.72 0.307692
-2.08 -0.68 0.307692
-2.04 -0.56 0.269231
-1.96 -0.44 0.269231
-1.64 -0.16 0.307692
-1.48 -0.04 0.384615
-1.36 0.04 0.423077
-1.16 0.16 0.5
-1.16 0.16 0.576923
-1.08 0.2 0.653846
-0.96 0.32 0.769231
-0.76 0.44 0.961538
-0.52 0.56 1.11538
-0.16 0.76 1.26923
0.24 0.96 1.38462
0.6 1.16 1.53846
0.96 1.28 1.65385
1.2 1.44 1.69231
1.52 1.56 1.76923
1.8 1.56 1.73077
1.96 1.52 1.69231
1.92 1.36 1.65385
1.84 1.16 1.57692
</gesture>
<gesture>
-1.48 -0.68 0.461538
-1.84 -0.92 0.192308
-2.16 -1.16 0.0384615
-2.32 -1.32 0.0769231
-2.28 -1.32 0.115385
-2.08 -1.2 0.153846
-1.72 -0.88 0.307692
-1.2 -0.4 0.423077
-0.6 0 0.576923
-0.04 0.4 0.730769
0.36 0.72 0.807692
0.72 0.96 0.923077
1.12 1.2 1.03846
1.48 1.36 1.07692
1.8 1.44 1.11538
2.12 1.56 1.03846
2.36 1.6 1.03846
2.52 1.6 1
2.64 1.6 1
2.44 1.6 1
2.2 1.48 1.03846
1.92 1.4 1.03846
1.64 1.36 0.961538
1.4 1.28 0.884615
1.2 1.24 0.807692
1 1.24 0.807692
0.84 1.16 0.884615
0.48 1.12 0.961538
0.04 0.96 1
-0.48 0.72 0.961538
-1.08 0.48 0.923077
-1.56 0.16 0.961538
-2 -0.12 1.03846
-2.36 -0.4 1.03846
-2.64 -0.6 0.961538
-2.8 -0.76 0.884615
-2.84 -0.84 0.884615
-2.76 -0.84 0.846154
-2.68 -0.8 0.769231
-2.56 -0.76 0.692308
-2.44 -0.6 0.615385
-2.24 -0.44 0.576923
-2.04 -0.24 0.538462
-1.84 -0.08 0.576923
-1.68 0.08 0.615385
-1.6 0.16 0.615385
-1.6 0.16 0.576923
-1.64 0.16 0.5
-1.72 0.12 0.5
-1.68 0.12 0.423077
-1.56 0.12 0.384615
-1.32 0.16 0.423077
-1.08 0.2 0.5
-0.8 0.32 0.615385
-0.44 0.52 0.769231
0.12 0.76 1.03846
0.68 1.08 1.30769
1.2 1.36 1.53846
1.6 1.56 1.69231
1.68 1.68 1.88462
1.88 1.68 2
</gesture>
<gesture>
-0.68 -0.24 0.884615
-0.92 -0.24 1
-1.08 -0.28 1.07692
-1.28 -0.4 1.11538
-1.48 -0.52 1.07692
-1.6 -0.68 1
-1.72 -0.8 0.923077
-1.76 -0.84 0.807692
-1.72 -0.8 0.730769
-1.52 -0.68 0.653846
-1.2 -0.48 0.576923
-0.92 -0.28 0.5
-0.56 -0.04 0.5
-0.16 0.16 0.5
0.2 0.28 0.461538
0.52 0.36 0.461538
0.76 0.44 0.423077
1 0.56 0.5
1.2 0.68 0.615385
1.4 0.8 0.730769
1.56 0.88 0.846154
1.68 0.96 0.961538
1.8 1 1.03846
1.88 1.04 1.07692
1.88 1 1.11538
1.88 0.96 1.11538
1.8 0.92 1.15385
1.76 0.92 1.19231
1.68 0.96 1.23077
1.44 1 1.46154
1.24 1.04 1.61538
1.04 1.08 1.69231
0.92 1.16 1.73077
0.76 1.24 1.46154
0.56 1.28 1.03846
0.36 1.24 0.923077
0.08 1.16 1.03846
-0.28 1.04 1.07692
-0.76 0.88 0.961538
-1.24 0.68 0.884615
-1.64 0.48 0.961538
-1.92 0.32 0.961538
-2.2 0.2 1
-2.48 0.04 1
-2.68 -0.08 1.03846
-2.84 -0.24 1.11538
-2.92 -0.32 1.07692
-2.92 -0.36 1.07692
-2.88 -0.32 1.03846
-2.72 -0.28 0.961538
-2.36 -0.12 0.884615
-2.2 -0.04 0.846154
-2.08 0.04 0.807692
-1.8 0.24 0.846154
-1.68 0.32 0.846154
-1.56 0.4 0.807692
-1.48 0.44 0.769231
-1.36 0.48 0.769231
-1.32 0.44 0.730769
-1.28 0.36 0.653846
-1.2 0.32 0.615385
-1.16 0.32 0.653846
-1 0.32 0.692308
-0.76 0.4 0.692308
-0.44 0.52 0.692308
-0.12 0.6 0.730769
0.32 0.72 0.807692
0.8 0.96 0.884615
1.32 1.2 0.923077
1.72 1.32 0.961538
1.96 1.48 1
2.24 1.56 1.11538
2.4 1.6 1.23077
2.36 1.52 1.34615
</gesture>
<gesture>
-1.96 -0.52 0.461538
-2.24 -0.68 0.346154
-2.44 -0.96 0.538462
-2.44 -1.04 0.692308
-2.32 -0.92 0.5
-2.12 -0.76 0.384615
-1.84 -0.48 0.461538
-1.4 -0.12 0.538462
-0.84 0.28 0.576923
-0.32 0.6 0.692308
0.16 0.88 0.807692
0.64 1.16 0.884615
1.08 1.36 1.03846
1.44 1.56 1.19231
1.64 1.6 1.30769
1.76 1.52 1.38462
1.68 1.36 1.38462
1.56 1.16 1.38462
1.48 1 1.38462
1.36 0.8 1.38462
1.24 0.64 1.34615
1.16 0.56 1.23077
1.16 0.48 1.15385
1.28 0.52 1.03846
1.4 0.6 0.846154
1.44 0.64 0.730769
1.48 0.72 0.653846
1.48 0.84 0.615385
1.48 0.96 0.576923
1.4 1.04 0.5
1.32 1.08 0.461538
1.24 1.16 0.423077
1.24 1.24 0.384615
1.24 1.32 0.384615
1.16 1.36 0.423077
0.92 1.36 0.5
0.48 1.32 0.461538
-0.2 1.04 0.384615
-0.92 0.64 0.730769
-1.48 0.28 1.23077
-1.8 0.04 1.53846
-2 -0.08 1.61538
-2.08 -0.24 1.73077
-2.16 -0.32 1.84615
-2.24 -0.4 1.88462
-2.28 -0.44 1.73077
-2.28 -0.48 1.57692
-2.24 -0.52 1.46154
-2.16 -0.52 1.26923
-2 -0.48 1.07692
-1.84 -0.44 0.846154
-1.64 -0.32 0.653846
-1.48 -0.24 0.538462
-1.32 -0.12 0.5
-1.24 -0.04 0.5
-1.28 0 0.5
-1.4 -0.04 0.538462
-1.52 -0.04 0.538462
-1.6 -0.08 0.5
-1.72 -0.2 0.384615
-1.72 -0.24 0.384615
-1.64 -0.2 0.5
-1.44 0 0.538462
-1.12 0.2 0.692308
-0.76 0.48 0.807692
-0.28 0.8 0.884615
0.2 1.08 1.03846
0.56 1.32 1.23077
1 1.56 1.38462
1.36 1.76 1.46154
1.64 1.84 1.46154
1.8 1.84 1.53846
</gesture>
<gesture>
-1.8 -0.68 0.923077
-2.2 -0.84 0.846154
-2.4 -0.96 0.653846
-2.4 -1.04 0.461538
-2.32 -1 0.230769
-2.12 -0.88 0.0769231
-1.84 -0.68 0.0384615
-1.44 -0.44 0.0769231
-0.88 -0.16 0.153846
-0.24 0.16 0.230769
0.4 0.48 0.230769
1 0.76 0.269231
1.52 1.04 0.346154
2.04 1.32 0.423077
2.36 1.52 0.538462
2.44 1.6 0.769231
2.4 1.68 1
2.28 1.64 1.23077
2.16 1.64 1.38462
2.04 1.6 1.46154
2 1.52 1.5
1.88 1.4 1.38462
1.72 1.28 1.23077
1.48 1.12 1.11538
1.24 1.04 1.03846
1 0.96 1
0.8 0.88 1.03846
0.52 0.8 1.11538
0.2 0.68 1.19231
-0.16 0.56 1.23077
-0.48 0.44 1.26923
-0.76 0.28 1.23077
-1.08 0.08 1.23077
-1.48 -0.12 1.15385
-1.8 -0.36 1.07692
-2.08 -0.56 1
-2.32 -0.72 0.884615
-2.4 -0.84 0.807692
-2.44 -0.88 0.692308
-2.36 -0.88 0.615385
-2.2 -0.8 0.615385
-2 -0.68 0.653846
-1.88 -0.56 0.692308
-1.8 -0.44 0.769231
-1.72 -0.32 0.846154
-1.52 -0.12 0.961538
-1.36 0.04 1
-1.08 0.24 1.07692
-1.04 0.24 1.03846
-1.16 0.2 1.03846
-1.28 0.16 0.961538
-1.6 0 0.730769
-1.72 -0.08 0.576923
-1.72 -0.12 0.384615
-1.52 -0.12 0.346154
-1.24 -0.04 0.384615
-0.84 0.12 0.461538
-0.36 0.36 0.615385
0.24 0.68 0.846154
0.72 0.96 0.884615
1.12 1.24 0.961538
1.56 1.48 1.11538
</gesture>
<gesture>
-2 -0.84 0.384615
-2.08 -0.92 0.346154
-2 -0.92 0.307692
-1.88 -0.96 0.230769
-1.8 -0.96 0.230769
-1.8 -0.88 0.192308
-1.64 -0.68 0.192308
-1.24 -0.36 0.192308
-0.8 -0.08 0.269231
-0.32 0.24 0.384615
0.12 0.52 0.538462
0.48 0.76 0.692308
0.88 0.96 0.769231
1.24 1.12 0.807692
1.56 1.28 0.807692
1.88 1.4 0.884615
2.12 1.48 1.03846
2.24 1.52 1.15385
2.32 1.52 1.26923
2.28 1.52 1.30769
2.12 1.48 1.30769
1.88 1.36 1.30769
1.64 1.2 1.26923
1.44 1.08 1.23077
1.24 1.04 1.19231
1.04 0.96 1.19231
0.88 0.88 1.26923
0.76 0.88 1.30769
0.64 0.88 1.34615
0.48 0.88 1.30769
0.28 0.84 1.34615
0.04 0.76 1.34615
-0.2 0.68 1.30769
-0.52 0.52 1.15385
-0.88 0.32 1.07692
-1.16 0.12 1
-1.4 -0.08 0.961538
-1.6 -0.24 1
-1.84 -0.36 1.03846
-2.08 -0.52 0.961538
-2.32 -0.68 0.884615
-2.44 -0.8 0.730769
-2.48 -0.84 0.615385
-2.48 -0.88 0.5
-2.44 -0.88 0.346154
-2.32 -0.8 0.307692
-2.16 -0.68 0.307692
-1.96 -0.52 0.307692
-1.8 -0.4 0.307692
-1.72 -0.28 0.346154
-1.6 -0.16 0.384615
-1.44 0 0.423077
-1.28 0.08 0.461538
-1.16 0.16 0.461538
-1.04 0.2 0.384615
-1 0.2 0.307692
-0.96 0.16 0.192308
-0.92 0.12 0.0384615
-0.84 0.12 0
-0.72 0.08 0.0769231
-0.64 0.12 0.192308
-0.44 0.16 0.307692
-0.2 0.32 0.576923
0.12 0.52 0.884615
0.44 0.76 1.15385
0.6 1 1.38462
0.68 1.2 1.61538
</gesture>
<gesture>
-1.48 -0.56 1.11538
-1.72 -0.6 1.19231
-1.92 -0.76 1.07692
-1.92 -0.8 0.846154
-1.84 -0.84 0.615385
-1.76 -0.88 0.5
-1.56 -0.84 0.423077
-1.36 -0.68 0.269231
-1.04 -0.48 0.153846
-0.64 -0.24 0.115385
-0.2 0.04 0.115385
0.24 0.28 0
0.68 0.48 -0.0769231
1.12 0.64 -0.192308
1.56 0.8 -0.269231
2.04 1 -0.192308
2.4 1.16 -0.115385
2.6 1.32 0.0769231
2.64 1.44 0.307692
2.56 1.52 0.5
2.24 1.48 0.769231
1.88 1.4 0.846154
1.48 1.28 0.769231
1.28 1.16 0.653846
1.2 1.04 0.653846
1.16 0.96 0.692308
1.08 0.92 0.692308
1.12 1 0.730769
1 1.08 0.884615
0.72 1.08 1.15385
0.32 1.08 1.46154
-0.16 1.08 1.76923
-0.56 0.96 1.96154
-0.84 0.88 1.96154
-1.2 0.72 1.84615
-1.52 0.48 1.73077
-1.88 0.2 1.65385
-2.16 -0.12 1.65385
-2.36 -0.36 1.57692
-2.48 -0.52 1.46154
-2.56 -0.6 1.30769
-2.64 -0.68 1.07692
-2.76 -0.68 0.769231
-2.8 -0.68 0.692308
-2.76 -0.68 0.730769
-2.64 -0.6 0.730769
-2.48 -0.44 0.615385
-2.24 -0.24 0.5
-2.08 -0.08 0.5
-1.88 0.08 0.5
-1.68 0.16 0.538462
-1.52 0.28 0.538462
-1.36 0.36 0.538462
-1.24 0.4 0.538462
-1.12 0.44 0.538462
-1.08 0.36 0.538462
-1 0.36 0.576923
-0.84 0.44 0.576923
-0.6 0.56 0.615385
-0.24 0.72 0.653846
0.24 1 0.730769
0.72 1.2 1
1.16 1.36 1.30769
1.56 1.52 1.53846
1.84 1.68 1.65385
1.92 1.72 1.57692
2.08 1.76 1.46154
2.32 1.76 1.53846
</gesture>
<gesture>
-2.12 -0.84 1.30769
-2.44 -0.96 1.5
-2.44 -0.96 1.38462
-2.16 -0.8 1.15385
-1.96 -0.68 0.884615
-1.84 -0.6 0.692308
-1.56 -0.44 0.538462
-1.28 -0.28 0.5
-0.88 0 0.346154
-0.4 0.24 0.153846
0.16 0.48 0.0384615
0.68 0.6 -0.0384615
1.2 0.72 -0.153846
1.64 0.8 -0.269231
1.96 0.92 -0.346154
2.16 0.96 -0.269231
2.12 1 -0.0769231
2 1 0.115385
1.88 1.04 0.307692
1.64 1 0.538462
1.36 0.88 0.769231
1.16 0.8 0.846154
1.12 0.76 0.807692
1.16 0.72 0.653846
1.12 0.64 0.576923
1.08 0.64 0.5
1.24 1 0.461538
1.2 1.16 0.538462
0.96 1.24 0.692308
0.64 1.24 1
0.08 1.08 1.38462
-0.52 0.84 1.76923
-0.92 0.6 2
-1.16 0.44 2.07692
-1.36 0.28 2
-1.56 0.12 1.80769
-1.76 -0.08 1.57692
-1.92 -0.28 1.53846
-2.12 -0.52 1.53846
-2.16 -0.6 1.53846
-2.16 -0.68 1.38462
-2.2 -0.68 1.19231
-2.08 -0.6 1
-1.84 -0.48 0.884615
-1.68 -0.4 0.807692
-1.52 -0.2 0.769231
-1.48 -0.12 0.846154
-1.44 0 0.923077
-1.4 0.08 0.961538
-1.52 0.12 0.961538
-1.76 0 0.653846
-1.8 0 0.5
-1.88 0 0.5
-1.76 0.2 0.5
-1.56 0.32 0.461538
-1.32 0.44 0.461538
-1 0.56 0.5
-0.64 0.72 0.538462
-0.32 0.88 0.615385
0.12 1.12 0.769231
0.6 1.36 0.961538
1.08 1.56 1.19231
1.52 1.72 1.38462
1.76 1.76 1.57692
2 1.8 1.65385
2.2 1.8 1.65385
2.24 1.68 1.80769
</gesture>
<gesture>
-0.12 -0.12 1
-0.24 -0.12 1.15385
-0.48 -0.16 1.34615
-0.8 -0.32 1.5
-1.24 -0.48 1.57692
-1.6 -0.64 1.57692
-1.88 -0.8 1.53846
-2.04 -0.92 1.61538
-2.08 -0.96 1.57692
-2 -0.88 1.5
-1.92 -0.72 1.30769
-1.72 -0.52 1.07692
-1.4 -0.24 0.884615
-0.92 0.12 0.653846
-0.48 0.4 0.384615
0.04 0.64 0.192308
0.52 0.88 0.0769231
0.96 1.08 0.0384615
1.36 1.24 0.0769231
1.68 1.4 0.115385
1.88 1.48 0.269231
1.92 1.48 0.384615
1.88 1.44 0.5
1.84 1.36 0.615385
1.76 1.28 0.730769
1.52 1.16 0.807692
1.28 1.04 0.884615
1.08 0.92 0.884615
1 0.8 0.807692
0.96 0.72 0.769231
0.92 0.64 0.769231
0.92 0.64 0.730769
0.96 0.64 0.653846
1 0.72 0.5
1.12 0.88 0.384615
1.2 0.96 0.346154
1.24 1.12 0.307692
1.28 1.24 0.269231
1.2 1.4 0.346154
1 1.56 0.423077
0.52 1.64 0.423077
-0.32 1.4 0.576923
-1.24 0.96 0.923077
-2.16 0.28 1.30769
-2.6 -0.2 1.5
-2.44 -0.28 1.34615
-2.2 -0.16 1.26923
-2 -0.08 1.53846
-2 0 1.84615
-2.12 -0.04 1.96154
-2.28 -0.08 1.92308
-2.36 -0.12 1.73077
-2.44 -0.16 1.5
-2.44 -0.2 1.34615
-2.4 -0.2 1.11538
-2.32 -0.16 0.846154
-2.28 -0.12 0.615385
-2.24 -0.08 0.576923
-2.4 -0.12 0.384615
-2.56 -0.12 0.230769
-2.64 -0.16 0.346154
-2.52 -0.12 0.692308
-2.24 0.08 0.884615
-2 0.24 0.846154
-1.88 0.44 0.769231
-1.64 0.76 0.769231
-1.08 1.12 0.769231
-0.32 1.48 0.653846
0.48 1.76 0.653846
1.24 1.96 0.730769
1.76 2 0.769231
2 2.04 0.807692
2.08 2 0.923077
2.28 2 1.07692
2.44 2 1.23077
2.36 1.84 1.30769
2.12 1.64 1.23077
1.84 1.36 1.26923
</gesture>
<gesture>
-3.16 -1.36 0.730769
-3.36 -1.4 0.5
-2.96 -1.04 0.230769
-2.32 -0.72 0.0769231
-1.6 -0.28 0.192308
-0.84 0.16 0.346154
-0.28 0.44 0.384615
0.04 0.64 0.384615
0.32 0.84 0.423077
0.64 0.88 0.461538
0.88 0.92 0.423077
1 0.96 0.461538
1.24 1 0.461538
1.44 1.08 0.5
1.6 1.12 0.538462
1.72 1.16 0.576923
1.8 1.16 0.653846
1.76 1.12 0.846154
1.68 1.12 1
1.68 1.16 1.11538
1.64 1.24 1.15385
1.6 1.24 1.15385
1.52 1.24 1.11538
1.32 1.16 1.03846
1.08 1.08 1.07692
0.96 1.12 1.15385
0.72 1.12 1.23077
0.48 1.08 1.30769
0.16 1.04 1.38462
-0.12 0.96 1.30769
-0.36 0.88 1.03846
-0.6 0.84 0.807692
-0.88 0.68 0.730769
-1.16 0.48 0.846154
-1.44 0.32 0.961538
-1.72 0.16 1
-1.96 0 1.03846
-2.08 -0.12 1.03846
-2.16 -0.16 1.03846
-2.12 -0.12 0.961538
-2.08 -0.08 0.884615
-2.12 -0.08 0.884615
-2.2 -0.12 0.846154
-2.28 -0.08 0.807692
-2.24 -0.12 0.653846
-1.92 0 0.538462
-1.88 0.04 0.615385
-1.92 0.12 0.615385
-1.8 0.2 0.5
-1.64 0.24 0.384615
-1.52 0.28 0.346154
-1.36 0.36 0.423077
-1.04 0.52 0.538462
-0.56 0.64 0.615385
-0.2 0.76 0.653846
0.08 0.84 0.730769
0.48 1 0.807692
0.96 1.16 0.846154
1.36 1.28 0.923077
1.64 1.32 1.03846
1.84 1.36 1.11538
2 1.4 1.23077
2.12 1.44 1.34615
2.16 1.36 1.42308
2.08 1.24 1.46154
</gesture>
<gesture>
-1.44 -0.44 1.15385
-1.72 -0.6 1
-1.88 -0.8 0.769231
-1.96 -0.92 0.538462
-1.84 -1 0.423077
-1.68 -0.96 0.346154
-1.52 -0.84 0.230769
-1.24 -0.68 0.153846
-0.84 -0.36 0.153846
-0.44 -0.12 0.192308
-0.04 0.12 0.230769
0.36 0.32 0.230769
0.72 0.52 0.230769
1 0.68 0.269231
1.36 0.88 0.307692
1.64 1 0.384615
1.84 1.08 0.538462
2.04 1.16 0.615385
2.24 1.28 0.692308
2.32 1.32 0.730769
2.32 1.36 0.807692
2.36 1.44 0.923077
2.36 1.48 0.961538
2.24 1.56 0.923077
2.04 1.52 0.846154
1.8 1.48 0.884615
1.56 1.4 0.884615
1.32 1.36 0.884615
1 1.32 0.961538
0.6 1.24 1.11538
0.2 1.24 1.30769
-0.28 1.16 1.46154
-0.8 1.04 1.57692
-1.44 0.76 1.57692
-2.08 0.4 1.34615
-2.48 0.04 1.23077
-2.68 -0.2 1.26923
-2.84 -0.36 1.38462
-3 -0.48 1.42308
-3.12 -0.56 1.42308
-3.12 -0.6 1.30769
-3 -0.56 1.19231
-2.88 -0.52 1.03846
-2.8 -0.48 0.807692
-2.64 -0.36 0.653846
-2.44 -0.24 0.615385
-2.16 -0.04 0.576923
-1.84 0.16 0.615385
-1.52 0.28 0.653846
-1.28 0.44 0.692308
-1.12 0.52 0.730769
-1 0.52 0.653846
-0.88 0.52 0.5
-0.92 0.48 0.423077
-0.92 0.4 0.346154
-0.92 0.32 0.307692
-0.88 0.28 0.384615
-0.76 0.36 0.461538
-0.48 0.6 0.538462
0.04 0.8 0.653846
0.32 0.88 0.846154
0.48 0.92 0.961538
0.84 1.04 1.03846
1.12 1.16 1.11538
1.32 1.32 1.30769
1.64 1.52 1.53846
2 1.72 1.73077
2.16 1.84 1.69231
2.16 1.84 1.80769
2 1.64 1.69231
</gesture>
<gesture>
-2.08 -0.84 0.576923
-2.36 -1 0.423077
-2.36 -1.04 0.307692
-2.24 -1.08 0.153846
-2.16 -1.08 0.115385
-1.92 -0.92 0.192308
-1.56 -0.68 0.230769
-1.04 -0.32 0.269231
-0.52 0 0.346154
-0.08 0.32 0.461538
0.36 0.56 0.576923
0.76 0.8 0.730769
1.12 0.96 0.846154
1.44 1.16 0.961538
1.76 1.28 1
1.96 1.36 1.07692
2.12 1.4 1.15385
2.2 1.4 1.26923
2.2 1.36 1.34615
1.88 1.16 1.38462
1.68 1 1.34615
1.44 0.88 1.26923
1.16 0.76 1.19231
0.92 0.64 1.15385
0.8 0.6 1.15385
0.72 0.6 1.15385
0.72 0.6 1.07692
0.6 0.6 1.03846
0.36 0.52 1
0.12 0.48 0.961538
-0.16 0.44 0.884615
-0.4 0.32 0.884615
-0.64 0.16 0.961538
-0.84 0.08 0.961538
-0.92 0 0.884615
-1.04 -0.12 0.730769
-1.2 -0.24 0.692308
-1.4 -0.36 0.653846
-1.56 -0.44 0.653846
-1.72 -0.56 0.615385
-1.88 -0.64 0.615385
-2 -0.72 0.615385
-2.08 -0.76 0.615385
-2 -0.72 0.653846
-1.92 -0.64 0.653846
-1.72 -0.44 0.730769
-1.64 -0.32 0.769231
-1.52 -0.16 0.807692
-1.44 -0.08 0.846154
-1.36 0 0.846154
-1.36 0.08 0.884615
-1.36 0.12 0.730769
-1.28 0.08 0.653846
-1.04 0.16 0.692308
-0.8 0.32 0.692308
-0.56 0.52 0.807692
-0.24 0.68 0.923077
0.08 0.8 1.11538
0.44 0.96 1.30769
0.8 1.12 1.46154
1.16 1.32 1.5
1.56 1.44 1.46154
1.84 1.48 1.42308
</gesture>
<gesture>
-2.36 -0.92 0.692308
-2.84 -1.16 0.692308
-2.92 -1.24 0.538462
-2.68 -1.12 0.346154
-2.32 -0.84 0.230769
-1.8 -0.6 0.230769
-1.32 -0.36 0.269231
-0.88 -0.04 0.307692
-0.44 0.24 0.307692
-0.04 0.56 0.307692
0.36 0.8 0.384615
0.8 1.08 0.461538
1.24 1.32 0.576923
1.68 1.52 0.615385
2 1.68 0.615385
2.28 1.76 0.615385
2.36 1.72 0.653846
2.32 1.68 0.692308
2.08 1.52 0.807692
1.88 1.44 0.807692
1.68 1.32 0.807692
1.52 1.24 0.692308
1.36 1.2 0.423077
1 1.6 0.538462
0.52 1.64 0.692308
0 1.6 0.884615
-0.68 1.32 1.11538
-1.32 1 1.30769
-1.8 0.68 1.34615
-2.24 0.32 1.26923
-2.64 0 1.11538
-3 -0.2 1.07692
-3.16 -0.4 1.19231
-3.32 -0.56 1.46154
-3.28 -0.64 1.53846
-3.12 -0.6 1.5
-2.92 -0.56 1.38462
-2.72 -0.48 1.19231
-2.56 -0.4 1.07692
-2.28 -0.24 0.961538
-2 0 0.846154
-1.64 0.2 0.769231
-1.4 0.36 0.730769
-1.36 0.44 0.769231
-1.44 0.4 0.807692
-1.6 0.36 0.884615
-1.64 0.28 0.538462
-1.64 0.28 0.269231
-1.64 0.28 0.0769231
-1.52 0.36 -0.0769231
-1.28 0.52 -0.0384615
-0.92 0.76 0.115385
-0.36 1.04 0.230769
0.32 1.28 0.384615
0.92 1.56 0.576923
1.44 1.8 0.884615
1.92 1.96 1.26923
2.16 2.08 1.61538
2.12 2 2
1.88 1.88 2.07692
1.68 1.76 1.84615
</gesture>
<gesture>
-1.2 -0.36 1.11538
-1.56 -0.52 1.19231
-1.84 -0.68 1.11538
-1.88 -0.76 0.884615
-1.84 -0.8 0.653846
-1.8 -0.84 0.538462
-1.64 -0.8 0.461538
-1.44 -0.68 0.307692
-1.12 -0.48 0.115385
-0.76 -0.28 0.0769231
-0.4 -0.08 0.153846
0 0.08 0.230769
0.4 0.28 0.269231
0.76 0.48 0.230769
1.08 0.64 0.153846
1.44 0.76 0.0769231
1.76 0.88 0.153846
2.08 1.04 0.230769
2.32 1.16 0.307692
2.48 1.32 0.461538
2.52 1.48 0.653846
2.4 1.52 0.846154
2.24 1.56 1
2.04 1.56 1.07692
1.84 1.52 1.11538
1.56 1.44 1.07692
1.24 1.32 1
0.96 1.16 0.961538
0.76 1.04 0.961538
0.64 1.04 1.07692
0.48 1.04 1.23077
0.24 1.04 1.46154
-0.08 1 1.57692
-0.44 0.96 1.73077
-0.76 0.84 1.88462
-0.96 0.76 1.88462
-1.16 0.64 1.65385
-1.4 0.44 1.46154
-1.64 0.24 1.23077
-1.8 0.08 1.19231
-2 -0.12 1.15385
-2.24 -0.28 1.03846
-2.48 -0.4 0.884615
-2.68 -0.52 0.769231
-2.84 -0.64 0.615385
-2.88 -0.68 0.423077
-2.88 -0.72 0.269231
-2.84 -0.68 0.230769
-2.68 -0.52 0.269231
-2.52 -0.36 0.307692
-2.36 -0.2 0.384615
-2.12 0 0.461538
-1.92 0.16 0.538462
-1.8 0.28 0.615385
-1.76 0.28 0.615385
-1.84 0.24 0.538462
-1.84 0.24 0.423077
-1.72 0.32 0.346154
-1.56 0.4 0.384615
-1.44 0.52 0.461538
-1.12 0.72 0.5
-0.8 0.92 0.576923
-0.24 1.2 0.576923
0.28 1.48 0.615385
0.72 1.68 0.730769
1.24 1.92 0.807692
1.68 2.12 1.03846
2.12 2.28 1.30769
2.48 2.4 1.5
2.8 2.44 1.61538
2.76 2.32 1.73077
2.52 2 1.80769
</gesture>
<gesture>
-1.2 -0.44 1.03846
-1.32 -0.52 1
-1.48 -0.68 0.807692
-1.56 -0.8 0.615385
-1.52 -0.88 0.461538
-1.4 -0.88 0.423077
-1.24 -0.84 0.384615
-0.96 -0.64 0.384615
-0.52 -0.36 0.346154
-0.04 -0.04 0.384615
0.48 0.2 0.346154
1 0.52 0.307692
1.44 0.72 0.346154
1.76 0.92 0.384615
2.04 1.12 0.461538
2.28 1.28 0.5
2.36 1.36 0.615385
2.32 1.4 0.769231
2.24 1.4 0.961538
2.08 1.36 1.03846
1.8 1.2 1.11538
1.56 1.04 1.03846
1.36 0.92 0.923077
1.24 0.88 0.846154
1.16 0.88 0.846154
0.96 0.88 0.884615
0.72 0.88 0.961538
0.48 0.88 1.03846
0.28 0.88 1.07692
0.04 0.84 1.15385
-0.32 0.72 1.19231
-0.68 0.6 1.11538
-1.08 0.4 1
-1.48 0.16 1.03846
-1.76 -0.08 1.15385
-1.88 -0.32 1.23077
-2.08 -0.52 1.15385
-2.32 -0.68 1.03846
-2.52 -0.8 1
-2.68 -0.88 1
-2.84 -0.92 1.07692
-2.88 -0.84 1
-2.84 -0.72 0.884615
-2.68 -0.52 0.769231
-2.4 -0.32 0.692308
-2.04 -0.12 0.615385
-1.76 0.04 0.538462
-1.6 0.16 0.5
-1.44 0.28 0.5
-1.2 0.4 0.5
-1.04 0.48 0.461538
-0.92 0.48 0.5
-0.84 0.44 0.5
-0.92 0.36 0.5
-0.96 0.32 0.5
-0.84 0.36 0.576923
-0.6 0.52 0.692308
-0.2 0.68 0.807692
0.24 0.84 0.923077
0.56 1 1.03846
0.84 1.12 1.15385
1.08 1.16 1.30769
1.24 1.24 1.46154
1.32 1.28 1.69231
1.36 1.24 1.73077
1.44 1.24 1.76923
</gesture>
<gesture>
-2.64 -1 0.461538
-2.8 -1.08 0.346154
-2.68 -1 0.153846
-2.36 -0.88 -0.0384615
-2 -0.52 -0.0769231
-1.28 -0.16 0.115385
-0.64 0.16 0.423077
-0.12 0.48 0.615385
0.4 0.68 0.653846
0.76 0.84 0.538462
1 0.96 0.5
1.24 1.04 0.576923
1.52 1.16 0.653846
1.88 1.28 0.807692
2.16 1.4 0.923077
2.24 1.4 1
2.2 1.4 1
2.08 1.36 1
1.92 1.28 1.03846
1.8 1.24 1.11538
1.68 1.24 1.07692
1.36 1.6 0.692308
1.16 1.72 0.653846
0.8 1.72 0.730769
0.28 1.56 0.846154
-0.36 1.32 0.884615
-0.92 0.96 0.807692
-1.36 0.6 0.653846
-1.72 0.36 0.423077
-2.08 0.12 0.346154
-2.4 -0.12 0.5
-2.72 -0.28 0.769231
-3.08 -0.48 1.03846
-3.24 -0.6 1.23077
-3.24 -0.64 1.26923
-3.12 -0.64 1.19231
-2.96 -0.56 1.03846
-2.72 -0.4 0.961538
-2.4 -0.24 0.884615
-2.04 -0.04 0.884615
-1.72 0.12 0.961538
-1.48 0.24 1
-1.32 0.36 1
-1.2 0.4 0.923077
-1.24 0.4 0.846154
-1.4 0.32 0.807692
-1.52 0.28 0.653846
-1.52 0.24 0.384615
-1.56 0.2 0.230769
-1.68 0.2 0.230769
-1.64 0.2 0.346154
-1.44 0.36 0.384615
-1.2 0.48 0.346154
-1 0.64 0.346154
-0.68 0.84 0.461538
-0.28 1.04 0.653846
0.04 1.2 0.807692
0.4 1.36 0.923077
0.68 1.48 1.03846
0.96 1.6 1.15385
1.32 1.76 1.26923
1.56 1.84 1.5
1.76 1.84 1.69231
1.88 1.84 1.76923
1.92 1.72 1.73077
1.76 1.56 1.69231
</gesture>
<gesture>
-1.24 -0.44 1
-1.6 -0.52 0.923077
-1.92 -0.72 0.884615
-2.12 -0.92 0.961538
-2.04 -0.96 0.884615
-1.84 -0.88 0.692308
-1.68 -0.8 0.576923
-1.48 -0.64 0.538462
-1.2 -0.4 0.538462
-0.88 -0.16 0.576923
-0.56 0.04 0.576923
-0.2 0.28 0.576923
0.24 0.48 0.461538
0.6 0.6 0.461538
0.88 0.72 0.538462
1.16 0.92 0.538462
1.44 1.08 0.615385
1.76 1.24 0.730769
2.08 1.32 0.807692
2.2 1.36 0.807692
2.24 1.4 0.846154
2.24 1.32 0.807692
2.08 1.24 0.846154
1.8 1.12 0.846154
1.64 1 0.807692
1.44 0.84 0.769231
1.28 0.72 0.807692
1.24 0.72 0.807692
1.24 0.8 0.846154
1.2 0.96 0.961538
1.12 1.08 1.07692
1 1.16 1.07692
0.84 1.24 0.961538
0.72 1.28 0.846154
0.48 1.24 0.692308
0.12 1.12 0.807692
-0.24 1 0.961538
-0.64 0.84 1.11538
-1.16 0.64 1.19231
-1.64 0.36 1.38462
-2 0.08 1.57692
-2.16 -0.04 1.61538
-2.44 -0.2 1.38462
-2.6 -0.32 1.23077
-2.76 -0.44 1.26923
-2.76 -0.52 1.38462
-2.76 -0.52 1.30769
-2.68 -0.48 1.15385
-2.6 -0.44 1.03846
-2.48 -0.4 0.961538
-2.04 -0.12 0.615385
-1.88 -0.08 0.576923
-1.76 0 0.576923
-1.64 0.04 0.538462
-1.52 0.08 0.384615
-1.44 0.12 0.307692
-1.32 0.12 0.269231
-1.24 0.16 0.307692
-1.16 0.2 0.346154
-0.92 0.36 0.461538
-0.56 0.6 0.615385
-0.12 0.88 0.615385
0.4 1.16 0.692308
0.88 1.4 0.961538
1.24 1.64 1.15385
1.56 1.88 1.23077
1.88 2.08 1.38462
2.12 2.12 1.5
2.2 2.04 1.61538
</gesture>
<gesture>
-2.4 -0.96 0.346154
-2.16 -0.92 0.230769
-1.8 -0.76 0.269231
-1.36 -0.48 0.384615
-1.04 -0.24 0.461538
-0.64 0 0.538462
-0.2 0.28 0.653846
0.24 0.56 0.846154
0.68 0.8 1
1 0.96 1.07692
1.36 1.12 1.11538
1.64 1.2 1.07692
1.84 1.24 1.07692
1.88 1.16 1.11538
1.8 1.08 1.11538
1.76 0.96 1.07692
1.72 0.92 1
1.64 0.84 0.961538
1.56 0.8 0.961538
1.52 0.72 1
1.44 0.72 0.923077
1.28 0.72 0.807692
1.2 0.76 0.807692
1.2 0.8 0.807692
1.08 0.84 0.769231
0.96 0.84 0.807692
0.76 0.8 0.846154
0.48 0.72 0.884615
0.2 0.64 0.846154
-0.16 0.52 0.846154
-0.48 0.32 0.807692
-0.8 0.16 0.807692
-1.08 0 0.884615
-1.28 -0.12 0.961538
-1.44 -0.2 1
-1.64 -0.28 0.961538
-1.8 -0.4 1.03846
-1.96 -0.52 1.07692
-2.04 -0.56 1.07692
-2.12 -0.6 1.11538
-2.16 -0.64 1.07692
-2.16 -0.64 1
-2.12 -0.6 0.923077
-2.04 -0.6 0.807692
-1.96 -0.52 0.730769
-1.84 -0.44 0.615385
-1.72 -0.4 0.615385
-1.6 -0.24 0.5
-1.52 -0.16 0.384615
-1.48 -0.08 0.269231
-1.44 -0.12 0.115385
-1.44 -0.16 -0.0769231
-1.44 -0.24 -0.192308
-1.4 -0.28 -0.153846
-1.36 -0.28 -0.0769231
-1.28 -0.24 0
-1.12 0 0.192308
-0.76 0.32 0.461538
-0.16 0.8 0.692308
0.36 1.24 1.07692
0.72 1.68 1.34615
0.92 2 1.57692
</gesture>