<gesture>
0.24 0.04 0.961538
0.28 0.08 1
0.32 0.08 1
0.4 0.08 0.961538
0.44 0.12 0.923077
0.44 0.12 0.884615
0.56 0.32 0.884615
0.8 0.4 0.884615
1 0.56 0.884615
1 0.72 0.807692
0.8 0.84 0.730769
0.44 0.92 0.769231
-0.16 0.76 0.846154
-0.48 0.76 0.884615
-0.36 0.68 0.884615
-0.16 0.64 0.846154
0.04 0.8 0.730769
0.24 0.88 0.730769
0 0.8 0.769231
-0.6 0.48 1
-1.12 0 1.19231
-1.48 -0.32 1.23077
-1.64 -0.52 1.26923
-1.44 -0.56 1.11538
-1.08 -0.36 0.884615
-0.6 0.04 0.692308
-0.12 0.24 0.615385
0 0.32 0.692308
-0.12 0.28 0.769231
-0.28 0.2 0.884615
-0.56 0.04 1
-0.8 -0.08 1.19231
-1 -0.24 1.30769
-1.04 -0.28 1.30769
-0.88 -0.12 1.19231
-0.44 0.08 1.07692
-0.08 0.28 0.923077
0.16 0.4 0.807692
0.2 0.36 0.846154
0.04 0.24 0.923077
-0.2 0.12 0.961538
-0.4 -0.04 1.03846
-0.6 -0.2 1.15385
-0.64 -0.24 1.19231
-0.56 -0.12 1.15385
-0.32 0.04 1.07692
-0.04 0.2 0.961538
0.2 0.36 0.846154
0.28 0.36 0.807692
0.2 0.28 0.846154
-0.04 0.12 0.884615
-0.24 -0.04 0.961538
-0.4 -0.12 1.03846
-0.48 -0.16 1.11538
-0.48 -0.16 1.15385
-0.48 -0.12 1.15385
-0.52 -0.12 1.11538
-0.6 -0.12 1.11538
-0.64 -0.04 1.03846
-0.48 0.08 1
-0.36 0.08 0.961538
-0.44 -0.08 1.03846
</gesture>
<gesture>
0.88 0.2 0.884615
1 0.12 0.846154
1 0.32 0.846154
0.88 0.56 0.807692
0.64 0.68 0.961538
0.64 0.92 0.961538
1 1.36 1
1.16 1.6 0.846154
0.68 1.76 0.653846
0.04 1.8 0.615385
-0.76 1.44 0.653846
-1.36 0.8 0.807692
-1.44 0.56 0.884615
-1.04 0.48 0.923077
-0.92 0.28 1
-0.96 0.12 0.884615
-0.84 0.08 0.807692
-0.92 -0.04 0.730769
-1.04 -0.04 0.807692
-1.08 -0.08 0.884615
-0.96 -0.04 0.807692
-0.76 0.04 0.807692
-0.64 0.08 0.807692
-0.56 0.08 0.807692
-0.52 0.08 0.846154
-0.56 0.04 0.884615
-0.6 0 0.923077
-0.64 -0.04 0.961538
-0.64 -0.08 0.961538
-0.64 -0.04 0.961538
-0.56 0.04 1
-0.4 0.08 0.961538
-0.28 0.12 0.961538
-0.32 0.08 1
-0.48 0 1.03846
-0.68 -0.16 1.11538
-0.88 -0.28 1.11538
-1.08 -0.4 1.07692
-1.2 -0.44 1.03846
</gesture>
<gesture>
0.8 0.2 1.03846
0.92 0.16 0.923077
0.96 0.24 0.884615
1.04 0.44 0.846154
0.96 0.6 0.846154
0.8 1 0.846154
0.92 1.32 0.846154
0.92 1.6 0.730769
0.64 1.88 0.692308
0.12 1.92 0.653846
-0.6 1.6 0.807692
-1.2 1.08 0.961538
-1.48 0.52 1.15385
-1.64 0.08 1.19231
-1.36 -0.08 1.07692
-0.96 -0.04 0.807692
-0.72 0.16 0.692308
-0.64 0.12 0.615385
-0.68 0.2 0.653846
-0.72 0.12 0.730769
-0.8 0.08 0.807692
-1 0.04 0.846154
-1.08 -0.04 0.923077
-1.12 -0.16 0.923077
-1.04 -0.12 0.884615
-0.76 0 0.846154
-0.68 0.08 0.884615
-0.64 0.08 0.884615
-0.6 0.12 0.923077
-0.48 0.2 0.961538
-0.32 0.24 1
-0.28 0.28 1
-0.36 0.16 1.03846
-0.48 0.08 1.07692
-0.64 -0.08 1.07692
-0.92 -0.28 1.15385
</gesture>
<gesture>
0.84 0.08 0.807692
0.84 0.16 0.807692
0.8 0.36 0.807692
0.84 0.6 0.769231
1.16 1.12 0.961538
1.64 1.84 1.07692
1.76 2.2 1.03846
0.92 2.36 0.884615
-0.16 2.4 0.807692
-1.24 1.76 1
-1.48 1.08 1.07692
-1.32 0.92 1
-0.92 0.64 1
-0.76 0.56 0.923077
-0.56 0.52 0.846154
-0.56 0.6 0.692308
-0.72 0.52 0.692308
-0.96 0.44 0.730769
-1.16 0.28 0.730769
-1.36 0.12 0.730769
-1.56 0.04 0.730769
-1.72 -0.12 0.692308
-1.76 -0.2 0.653846
-1.64 -0.16 0.653846
-1.36 -0.08 0.692308
-1.08 0.04 0.730769
-0.84 0.16 0.769231
-0.72 0.2 0.807692
-0.72 0.2 0.846154
-0.68 0.2 0.884615
-0.6 0.24 0.923077
-0.52 0.24 0.884615
-0.4 0.2 0.846154
-0.36 0.2 0.846154
-0.4 0.16 0.846154
-0.52 0.08 0.884615
-0.56 0.04 0.961538
-0.56 0.04 1.03846
-0.48 0.08 1.11538
-0.36 0.12 1.15385
-0.32 0.12 1.15385
-0.4 0.08 1.11538
-0.56 -0.04 1.07692
-0.72 -0.12 1.03846
-0.88 -0.24 0.961538
</gesture>
<gesture>
2.08 1.04 0.923077
2.24 1.12 0.769231
1.64 1.76 0.884615
0.24 2.08 1
-0.84 1.76 0.692308
-1.24 1.68 0.576923
-1 1.2 0.576923
-0.4 1.16 0.653846
-0.08 1.24 0.769231
-0.48 0.96 0.884615
-0.92 0.72 0.884615
-1 0.72 1
-0.96 0.52 1
-1.24 0.4 1.03846
-1.4 0.24 1.03846
-1.4 0 0.923077
-1.52 -0.12 0.807692
-1.44 -0.2 0.692308
-1.36 -0.2 0.692308
-1.28 -0.16 0.769231
-1.16 -0.12 0.846154
-1 0 0.846154
-0.8 0.16 0.807692
-0.52 0.32 0.807692
-0.24 0.44 0.769231
-0.08 0.44 0.769231
-0.04 0.4 0.846154
-0.12 0.32 0.961538
-0.24 0.2 1.07692
-0.4 0.08 1.19231
-0.48 0 1.23077
-0.52 0 1.23077
-0.36 0.08 1.19231
-0.24 0.12 1.15385
-0.16 0.2 1.11538
-0.04 0.2 1.15385
-0.08 0.2 1.15385
-0.2 0.12 1.15385
-0.36 0.04 1.11538
</gesture>
