<gesture>
0.04 -0.12 0.923077
0 -0.16 1
0.04 -0.16 1
0.12 -0.08 1
0.2 -0.04 0.961538
0.24 -0.04 0.923077
0.28 0 0.923077
0.32 0.04 1
0.4 0.08 0.961538
0.52 0.2 0.884615
0.68 0.4 0.807692
0.8 0.6 0.769231
0.76 0.72 0.769231
0.56 0.8 0.846154
0.28 0.84 1.03846
0.08 0.8 1.26923
-0.04 0.72 1.38462
-0.04 0.8 1.30769
0.04 0.92 1.23077
0.08 1 1.19231
0.12 1.08 1.23077
0.04 1.04 1.19231
-0.4 0.72 1.15385
-1 0.32 1.07692
-1.6 -0.16 1.03846
-2.04 -0.6 0.923077
-2.28 -0.8 0.807692
-2.04 -0.68 0.653846
-1.48 -0.4 0.5
-0.8 0 0.423077
-0.24 0.32 0.423077
-0.04 0.48 0.5
-0.16 0.44 0.692308
-0.48 0.24 0.923077
-0.76 0.08 1.11538
-0.92 -0.04 1.23077
-0.92 -0.04 1.26923
-0.76 0.04 1.23077
-0.52 0.16 1.15385
-0.32 0.24 1
-0.16 0.28 0.923077
-0.12 0.28 0.846154
-0.24 0.2 0.846154
-0.36 0.08 0.884615
-0.44 0 0.961538
-0.44 -0.04 1
-0.48 -0.04 1.03846
-0.44 -0.04 1.03846
-0.6 -0.12 1
-0.76 -0.2 0.961538
-0.92 -0.28 0.923077
-1 -0.32 0.884615
-1.08 -0.32 0.846154
</gesture>
<gesture>
0.24 0 0.884615
0.32 0.04 0.923077
0.36 0.04 0.961538
0.36 0.08 1
0.4 0.12 1.03846
0.4 0.2 1.07692
0.44 0.28 1.11538
0.48 0.28 1.11538
0.48 0.32 1.03846
0.44 0.4 1
0.48 0.48 0.923077
0.56 0.64 0.807692
0.56 0.84 0.923077
0.44 0.8 1.11538
0.16 0.8 1.11538
-0.04 0.76 1.11538
-0.12 0.68 1.15385
-0.24 0.6 1.19231
-0.36 0.52 1.11538
-0.6 0.28 1.03846
-0.96 0 0.961538
-1.2 -0.2 0.884615
-1.2 -0.32 0.769231
-1.12 -0.28 0.653846
-0.96 -0.2 0.538462
-0.8 -0.08 0.461538
-0.68 0.04 0.461538
-0.68 0.12 0.538462
-0.84 0.04 0.692308
-0.96 0 0.884615
-1 0 1
-0.96 0 1.15385
-0.84 0.04 1.19231
-0.68 0.12 1.19231
-0.48 0.2 1.19231
-0.44 0.2 1.15385
-0.44 0.16 1.11538
-0.44 0.16 1.03846
-0.44 0.12 1
-0.4 0.12 1
-0.44 0.08 1
-0.44 0.04 1
-0.44 0 1
-0.48 0 1.03846
-0.44 0 1.03846
-0.48 0 1.03846
</gesture>
<gesture>
0 -0.16 0.923077
-0.04 -0.12 0.961538
0.04 -0.04 1
0.08 -0.04 1
0.2 0 1
0.2 0 1.07692
0.2 0 1.15385
0.24 0.04 1.19231
0.32 0.12 1.19231
0.44 0.24 1.15385
0.52 0.32 1.07692
0.56 0.36 0.961538
0.56 0.44 0.961538
0.44 0.48 0.961538
0.36 0.48 0.961538
0.24 0.44 0.961538
0.12 0.4 1
0 0.48 1.03846
0 0.48 1.07692
-0.12 0.48 1.07692
-0.16 0.52 1.03846
-0.16 0.52 1
-0.24 0.52 0.961538
-0.44 0.36 0.884615
-0.76 0.12 0.846154
-1.04 -0.08 0.807692
-1.08 -0.24 0.769231
-1.12 -0.24 0.730769
-1.04 -0.2 0.653846
-1 -0.16 0.653846
-0.92 -0.04 0.653846
-0.84 0 0.653846
-0.92 -0.04 0.730769
-1.04 -0.16 0.846154
-1.2 -0.2 0.884615
-1.16 -0.12 0.923077
-1 0 0.961538
-0.72 0.12 1
-0.56 0.2 0.961538
-0.4 0.28 0.961538
-0.36 0.28 0.923077
-0.36 0.24 0.923077
-0.4 0.16 0.961538
-0.48 0.08 0.961538
-0.56 -0.04 1
-0.6 -0.12 1.07692
-0.6 -0.08 1.07692
-0.4 0.04 1
</gesture>
<gesture>
0.08 -0.04 1
0.12 -0.04 1.03846
0.08 -0.04 1.03846
0.08 -0.04 1.11538
0.16 0 1.03846
0.24 0.04 1.03846
0.28 0.08 1.03846
0.4 0.16 1.07692
0.48 0.2 1.11538
0.52 0.24 1.11538
0.52 0.28 1.11538
0.48 0.28 1.07692
0.36 0.32 1.07692
0.28 0.32 1.07692
0.24 0.32 1
0.2 0.36 0.884615
0.2 0.4 0.807692
0.2 0.44 0.846154
0.16 0.52 0.884615
0.08 0.52 0.923077
-0.08 0.52 0.923077
-0.32 0.44 0.884615
-0.48 0.36 0.923077
-0.52 0.32 0.961538
-0.56 0.28 0.884615
-0.64 0.28 0.884615
-0.8 0.12 0.846154
-0.92 0 0.846154
-1.04 -0.2 0.730769
-1.2 -0.28 0.692308
-1.24 -0.28 0.692308
-1.16 -0.24 0.653846
-1.04 -0.16 0.692308
-1 -0.12 0.730769
-0.96 -0.08 0.769231
-0.92 -0.04 0.807692
-0.84 0 0.846154
-0.8 0.04 0.884615
-0.76 0.04 0.884615
-0.72 0.08 0.923077
-0.6 0.12 0.923077
-0.52 0.12 0.961538
-0.48 0.12 0.923077
-0.48 0.12 0.961538
-0.52 0.08 0.961538
-0.56 0 0.961538
-0.68 -0.08 1
-0.76 -0.16 1
-0.88 -0.24 1.03846
-0.92 -0.24 1
-0.96 -0.24 1.03846
-0.92 -0.2 1.03846
</gesture>
<gesture>
0.48 0.24 1.07692
0.68 0.32 1.07692
0.84 0.36 1.07692
0.8 0.4 1.07692
0.6 0.48 1.19231
0.44 0.44 1.23077
0.32 0.36 1.15385
0.2 0.36 1.07692
0.16 0.32 1
0.16 0.28 0.961538
0.08 0.32 0.961538
-0.04 0.32 1
-0.24 0.24 1
-0.4 0.16 0.961538
-0.52 0.12 0.961538
-0.48 0.12 0.923077
-0.48 0.12 0.884615
-0.44 0.16 0.807692
-0.4 0.2 0.769231
-0.48 0.12 0.692308
-0.56 0.08 0.653846
-0.6 0.04 0.653846
-0.68 -0.04 0.653846
-0.76 -0.08 0.653846
-0.88 -0.12 0.692308
-0.88 -0.08 0.730769
-0.84 -0.08 0.807692
-0.92 -0.12 0.846154
-0.96 -0.16 0.884615
-0.96 -0.16 0.923077
-0.84 -0.04 0.961538
-0.8 0 0.961538
-0.8 0.04 0.923077
-0.68 0.08 0.884615
-0.64 0.12 0.884615
-0.64 0.08 0.884615
-0.68 0.04 0.884615
-0.72 0 0.923077
-0.8 -0.08 0.923077
-0.84 -0.16 0.923077
-0.88 -0.16 0.961538
</gesture>
<gesture>
0.08 -0.08 0.846154
0.2 0 0.961538
0.28 -0.04 0.961538
0.4 0 0.961538
0.48 0.08 1.03846
0.56 0.12 1.11538
0.68 0.16 1.15385
0.76 0.24 1.23077
0.76 0.24 1.38462
0.92 0.36 1.5
1.24 0.6 1.5
1.6 0.92 1.42308
1.96 1.36 1.23077
2.04 1.88 0.807692
1.72 2.44 -0.0384615
0.72 2.64 -0.461538
-0.36 2.44 0
-0.88 1.84 0.884615
-0.92 1.36 1.42308
-1.28 0.64 1.46154
-1.72 0.08 0.846154
-2.04 -0.08 0.461538
-1.8 0.04 0.576923
-1.52 0.08 0.730769
-1.68 0.08 0.730769
-1.92 0 0.807692
-1.88 -0.04 0.846154
-1.72 0 0.884615
-1.56 0.08 0.923077
-1.36 0.2 0.884615
-0.96 0.4 0.846154
-0.64 0.4 0.884615
-0.68 0.28 0.884615
-0.8 0.12 0.923077
-0.8 0.04 0.961538
-0.64 0.04 0.961538
-0.48 0.08 0.961538
-0.36 0.08 0.961538
-0.4 0.04 0.923077
-0.4 0 0.923077
-0.44 0 0.961538
-0.52 -0.08 1.03846
-0.84 -0.24 1.11538
</gesture>
<gesture>
0.16 -0.04 1.03846
0.28 0.04 1.07692
0.56 0.16 1.15385
0.88 0.28 1.15385
1 0.36 1.19231
1 0.44 1.15385
1.16 0.6 1.03846
1.4 0.8 0.846154
1.4 1.08 0.615385
1.04 1.28 0.346154
0.36 1.44 0.307692
-0.04 1.52 0.423077
-0.12 1.6 0.576923
-0.24 1.6 0.846154
-0.44 1.24 1.26923
-1.12 0.64 1.26923
-1.72 0.12 0.846154
-2.16 -0.2 0.769231
-2 -0.28 0.961538
-1.56 -0.2 1.03846
-1.32 0 0.961538
-1.12 0.12 0.807692
-0.88 0.2 0.730769
-0.96 0.12 0.692308
-1.2 0 0.730769
-1.24 -0.16 0.846154
-1.36 -0.28 0.923077
-1.32 -0.28 0.961538
-1.12 -0.16 0.961538
-0.92 -0.04 0.961538
-0.76 0.04 0.961538
-0.56 0.12 0.961538
-0.44 0.12 0.961538
-0.44 0.04 1.07692
-0.52 0 1.11538
</gesture>
<gesture>
0.64 0.12 0.923077
0.8 0.24 0.961538
0.96 0.32 0.961538
1 0.36 1.07692
1.12 0.44 1
1.24 0.6 0.961538
1.36 0.76 0.923077
1.36 1 0.846154
1.2 1.4 0.769231
1.08 1.76 0.538462
0.88 2.2 0.269231
0.44 2.44 0.0384615
-0.6 2.16 0.384615
-1.76 1.08 0.923077
-2.16 0.48 1
-2.12 0 1.03846
-2.08 -0.24 1.11538
-2.04 -0.32 0.961538
-1.84 -0.2 0.807692
-1.6 -0.08 0.692308
-1.44 0 0.653846
-1.28 0.04 0.653846
-1.24 -0.04 0.730769
-1.32 -0.2 0.846154
-1.52 -0.4 0.961538
-1.56 -0.44 1.03846
-1.2 -0.24 1.03846
-0.68 0.12 1
-0.08 0.36 0.961538
0.16 0.4 0.923077
0 0.2 0.923077
-0.28 -0.04 1
-0.52 -0.2 1.11538
-0.64 -0.24 1.19231
-0.68 -0.24 1.15385
</gesture>
<gesture>
0.16 -0.08 0.923077
0.4 0.04 0.961538
0.68 0.16 1.03846
1.12 0.32 1.15385
1.48 0.52 1.19231
1.6 0.68 1.26923
1.76 0.84 1.19231
1.84 1.08 1.07692
1.76 1.48 0.961538
1.52 1.88 0.692308
1.28 2.24 0.461538
0.96 2.6 0.269231
0.2 2.64 0.423077
-1.12 1.88 0.615385
-2.16 1.04 0.307692
-2.92 0.12 0.269231
-3.24 -0.52 0.423077
-3 -0.6 0.576923
-2.44 -0.32 0.653846
-1.72 0.08 0.692308
-1.2 0.32 0.692308
-1.04 0.36 0.653846
-1.12 0.24 0.653846
-1.28 0 0.615385
-1.4 -0.2 0.653846
-1.48 -0.28 0.730769
-1.04 -0.08 0.846154
-0.68 0.08 0.961538
-0.44 0.16 1
-0.28 0.16 1.03846
-0.32 0.12 1.07692
-0.4 0 1.15385
-0.52 -0.08 1.23077
-0.68 -0.2 1.26923
</gesture>
<gesture>
0.4 0.08 0.884615
0.32 0.08 1.03846
0.56 0.12 1.11538
0.84 0.2 1.03846
0.96 0.32 1
0.84 0.28 1.03846
0.64 0.24 1.11538
0.76 0.36 1.15385
1.2 0.6 1
1.6 0.96 0.769231
1.88 1.64 0.653846
2 2.36 0.538462
1.44 3 0.538462
0.64 3.24 0.692308
-0.6 2.56 0.884615
-1.88 1.36 0.769231
-3.04 0.2 0.730769
-3.4 -0.56 0.769231
-2.68 -0.64 0.846154
-2.16 -0.36 0.653846
-1.76 0 0.5
-1.24 0.28 0.423077
-1 0.36 0.461538
-1.12 0.24 0.538462
-1.2 0.08 0.653846
-1.16 -0.04 0.807692
-1.16 -0.16 0.923077
-1.12 -0.2 1.03846
-0.84 -0.08 1.11538
-0.48 0.08 1.11538
-0.32 0.12 1.03846
-0.32 0.08 0.961538
-0.4 0 0.961538
-0.52 -0.04 1.03846
-0.52 -0.04 1.07692
-0.48 0 1.15385
-0.44 0.04 1.15385
-0.4 0.08 1.15385
-0.28 0.16 1.15385
-0.24 0.12 1.11538
-0.32 0.08 1.03846
-0.56 -0.12 1.03846
-0.72 -0.2 1.07692
-0.84 -0.28 1.03846
-0.92 -0.32 1.03846
</gesture>
<gesture>
-0.04 -0.08 0.961538
-0.08 -0.08 0.961538
0.04 -0.04 0.961538
-0.04 -0.04 1
0 0 1
0 -0.04 1
0 -0.04 1
-0.08 -0.08 0.961538
-0.08 -0.08 1
-0.04 -0.08 1
0 0 1.03846
0.04 0 1.03846
0.12 0.04 1.11538
0.2 0.12 1.19231
0.4 0.24 1.23077
0.64 0.44 1.11538
0.8 0.64 0.923077
0.92 0.8 0.807692
0.8 0.92 0.884615
0.64 1.08 1.03846
0.52 1.2 1.11538
0.48 1.36 1.11538
0.36 1.36 1.11538
0.04 1.12 1.15385
-0.44 0.68 1.15385
-0.8 0.28 1.11538
-0.96 -0.04 1.07692
-0.96 -0.16 1
-0.92 -0.2 1
-1.04 -0.32 1.03846
-1.16 -0.48 0.961538
-1.24 -0.52 0.923077
-1.08 -0.44 0.807692
-0.88 -0.28 0.730769
-0.64 -0.12 0.653846
-0.44 0 0.653846
-0.32 0.08 0.730769
-0.32 0.04 0.769231
-0.4 -0.04 0.846154
-0.44 -0.08 0.923077
-0.4 -0.08 1
-0.28 -0.04 1.03846
-0.16 0 1.07692
-0.04 0.08 1.03846
0.08 0.12 1.03846
0 0 1.11538
-0.04 -0.04 1.11538
0.04 0.08 1.03846
0.08 0.08 0.961538
-0.04 0 0.961538
-0.12 -0.04 0.961538
-0.16 -0.04 0.961538
-0.16 -0.04 1
-0.16 0 0.961538
-0.16 0.04 0.961538
-0.04 0.08 0.884615
-0.04 0.08 0.961538
-0.16 -0.04 1.07692
</gesture>
<gesture>
0.04 -0.08 0.846154
-0.04 -0.08 0.961538
-0.16 -0.16 1.03846
-0.12 -0.12 1
-0.08 -0.08 0.961538
-0.16 -0.16 1.03846
-0.12 -0.12 1.03846
-0.04 -0.04 1
0 -0.04 1
-0.04 -0.04 1.03846
0.04 -0.04 1.03846
0.08 0 1.11538
0.12 0 1.19231
0.16 0.04 1.34615
0.28 0.12 1.38462
0.36 0.2 1.26923
0.44 0.28 1.03846
0.48 0.32 0.961538
0.48 0.36 0.961538
0.48 0.4 1.03846
0.44 0.44 1.07692
0.4 0.48 1.15385
0.4 0.6 1.19231
0.4 0.76 1.23077
0.36 0.84 1.23077
0.2 0.76 1.07692
-0.12 0.6 0.884615
-0.28 0.48 0.884615
-0.16 0.48 0.884615
-0.36 0.32 0.807692
-0.6 0.12 0.807692
-0.96 -0.16 0.807692
-1.24 -0.44 0.884615
-1.36 -0.64 0.884615
-1.4 -0.72 0.807692
-1.32 -0.64 0.730769
-1.16 -0.48 0.730769
-0.88 -0.24 0.692308
-0.56 -0.04 0.692308
-0.36 0.08 0.692308
-0.32 0.08 0.769231
-0.36 0.04 0.846154
-0.44 -0.04 0.923077
-0.44 -0.08 1
-0.44 -0.08 1.07692
-0.36 -0.08 1.07692
-0.28 -0.08 1.07692
-0.2 -0.04 1.07692
-0.12 -0.04 1.07692
-0.04 -0.04 1.07692
-0.04 -0.04 1.03846
-0.08 -0.08 1.03846
-0.08 -0.08 1.07692
-0.08 -0.08 1.03846
-0.12 -0.08 1.03846
-0.2 -0.16 1
-0.24 -0.16 1
-0.24 -0.16 1.03846
-0.24 -0.16 0.961538
</gesture>
<gesture>
-0.04 -0.08 0.961538
0.04 -0.12 0.884615
-0.08 -0.12 0.961538
-0.04 -0.12 1
0 -0.08 0.961538
0.04 -0.08 0.961538
-0.08 -0.08 1.03846
-0.12 -0.16 1.03846
0 -0.08 1.03846
0.04 -0.04 1.03846
0.12 0 1.07692
0.28 0.08 1.11538
0.44 0.2 1.19231
0.6 0.36 1.30769
0.68 0.56 1.42308
0.64 0.64 1.38462
0.48 0.72 1.26923
0.32 0.8 1.23077
0.16 0.76 1.11538
0.04 0.68 0.884615
0 0.56 0.884615
0.04 0.6 0.923077
0 0.64 0.923077
-0.12 0.64 0.884615
-0.36 0.36 0.807692
-0.72 0.12 0.807692
-1 -0.08 0.769231
-1.2 -0.28 0.769231
-1.24 -0.28 0.807692
-1.12 -0.24 0.807692
-1 -0.2 0.807692
-0.92 -0.2 0.769231
-0.92 -0.2 0.807692
-0.84 -0.16 0.807692
-0.72 -0.08 0.846154
-0.56 0 0.884615
-0.44 0.08 0.884615
-0.4 0.04 0.923077
-0.48 0 0.961538
-0.52 -0.04 1
-0.52 -0.08 1.03846
-0.48 -0.04 1.03846
-0.4 0 1.03846
-0.32 0 1.03846
-0.24 0.04 1.03846
-0.16 0.08 1.03846
-0.12 0.08 1.03846
-0.12 0.08 1
-0.12 0.04 1.03846
-0.16 0 1.03846
-0.24 -0.04 1.03846
-0.12 0.04 0.961538
-0.12 0 0.961538
-0.16 -0.04 0.961538
-0.28 -0.08 1
-0.32 -0.12 1
-0.24 -0.12 1
-0.32 -0.08 1
-0.44 0.2 1.19231
</gesture>
<gesture>
-0.04 -0.08 0.923077
0 -0.08 0.961538
-0.12 -0.16 1
-0.08 -0.16 0.961538
-0.04 -0.08 1
-0.04 -0.12 1
-0.04 -0.12 1
0.04 -0.08 1.03846
0.2 0.04 1.19231
0.36 0.12 1.30769
0.48 0.2 1.34615
0.56 0.32 1.34615
0.52 0.4 1.26923
0.48 0.52 1.23077
0.48 0.6 1.19231
0.44 0.68 1.11538
0.36 0.76 1.11538
0.32 0.8 1.11538
0.2 0.72 1.11538
-0.04 0.6 1.03846
-0.28 0.44 0.961538
-0.48 0.32 0.884615
-0.52 0.2 0.923077
-0.6 0.12 0.923077
-0.6 0.08 0.884615
-0.72 0 0.807692
-0.76 -0.04 0.730769
-0.8 -0.08 0.692308
-0.84 -0.16 0.692308
-0.88 -0.24 0.730769
-0.84 -0.2 0.769231
-0.76 -0.16 0.807692
-0.6 -0.08 0.807692
-0.56 -0.08 0.846154
-0.52 -0.08 0.884615
-0.48 -0.08 0.961538
-0.44 -0.04 1
-0.36 0 1
-0.28 0 1.03846
-0.24 0 1.03846
-0.24 -0.04 1.03846
-0.24 -0.04 1
-0.2 0 1
-0.16 0 1.03846
-0.12 0.04 1.03846
-0.08 0.04 1
-0.12 0.04 1
-0.12 0 1
-0.2 -0.04 0.961538
-0.24 -0.08 0.961538
-0.24 -0.08 1
-0.28 -0.08 1.03846
-0.36 -0.08 1.03846
-0.28 -0.04 1
</gesture>
<gesture>
0.12 -0.08 0.884615
0.08 -0.08 0.923077
-0.04 -0.12 1
-0.08 -0.16 1
-0.08 -0.16 0.961538
-0.08 -0.08 1
0 -0.08 1.03846
0 -0.08 1
0.04 -0.08 1
0.04 -0.08 1.03846
0.12 0 1.11538
0.24 0.04 1.15385
0.36 0.12 1.19231
0.52 0.2 1.30769
0.64 0.32 1.42308
0.76 0.48 1.42308
0.8 0.68 1.30769
0.72 0.84 1.19231
0.52 0.92 1.19231
0.2 0.88 1.26923
0 0.76 1.11538
-0.16 0.52 0.884615
-0.28 0.44 0.807692
-0.32 0.4 0.846154
-0.36 0.32 0.884615
-0.44 0.32 0.884615
-0.6 0.24 0.884615
-0.76 0.08 0.846154
-0.92 -0.12 0.807692
-1.04 -0.28 0.730769
-1.04 -0.36 0.692308
-0.96 -0.28 0.692308
-0.76 -0.2 0.692308
-0.64 -0.16 0.692308
-0.64 -0.16 0.730769
-0.64 -0.16 0.846154
-0.6 -0.12 0.923077
-0.52 -0.08 0.961538
-0.48 -0.04 1
-0.4 -0.04 1
-0.36 -0.04 1
-0.32 -0.04 1.03846
-0.28 0 1.03846
-0.24 0 1.03846
-0.2 0 1
-0.2 -0.04 1.03846
-0.24 -0.04 1.03846
-0.24 -0.04 1
-0.2 -0.04 0.961538
-0.16 -0.04 0.961538
-0.2 -0.04 0.961538
-0.24 -0.04 0.961538
-0.28 -0.08 1.03846
-0.32 -0.12 1.03846
-0.28 -0.16 0.961538
</gesture>
<gesture>
0.04 0 0.884615
0.12 0 0.846154
0.12 0.04 0.961538
0.08 0 1.03846
0 -0.04 1.03846
0.12 0.04 0.923077
0 -0.04 1.03846
-0.12 -0.08 1.03846
0.04 -0.04 1
-0.04 -0.04 1
0.04 0.04 1
0.16 0.12 1.07692
0.28 0.2 1.11538
0.4 0.32 1.11538
0.48 0.36 1.11538
0.56 0.4 1.15385
0.68 0.48 1.23077
0.84 0.6 1.23077
0.96 0.72 1.19231
1 0.88 1.03846
1.04 1.08 0.884615
1 1.2 0.846154
0.84 1.32 0.807692
0.8 1.56 0.807692
0.64 1.68 0.730769
0.08 1.48 0.653846
-0.64 1.08 0.653846
-0.76 0.72 0.730769
-0.64 0.76 0.692308
-0.44 0.84 0.653846
-0.4 0.88 0.807692
-0.64 0.68 0.923077
-1.2 0.2 0.961538
-1.72 -0.24 0.884615
-1.8 -0.44 0.884615
-1.6 -0.36 0.961538
-1.32 -0.12 1.03846
-1.04 0.12 1.19231
-0.92 0.16 1.38462
-0.96 0.08 1.57692
-1.04 -0.08 1.65385
-1.12 -0.2 1.61538
-1.04 -0.16 1.46154
-0.64 0.04 1.26923
-0.32 0.16 1.19231
-0.04 0.28 1.15385
0.16 0.32 1.11538
0.28 0.32 1.11538
0.28 0.12 1.03846
0.2 -0.04 1.03846
</gesture>
<gesture>
-0.08 -0.04 0.961538
-0.16 -0.04 0.923077
-0.12 0 1
0.04 0.04 1.07692
0.2 0.08 1
0.2 0.08 0.923077
0.08 0.04 0.884615
0.28 0.12 0.961538
0.24 0.16 1.03846
0.08 0.12 1.07692
0.08 0.16 1.07692
0.32 0.24 1.11538
0.56 0.36 1.19231
0.84 0.56 1.23077
1.12 0.88 1.15385
1.36 1.2 0.961538
1.36 1.56 0.846154
1.12 1.8 0.923077
0.8 1.88 1.19231
0.4 1.68 1.5
0.24 1.4 1.65385
-0.24 1.28 1.19231
-0.64 1.04 0.615385
-0.92 0.72 0.307692
-1.12 0.24 0.423077
-1.36 0 0.423077
-1.56 -0.2 0.384615
-1.8 -0.36 0.461538
-1.64 -0.28 0.615385
-1.36 -0.2 0.769231
-1.16 -0.08 0.846154
-0.96 0 0.923077
-0.76 0.08 1
-0.72 0.08 1.07692
-0.76 0 1.11538
-0.88 -0.16 1.19231
-0.88 -0.2 1.30769
-0.84 -0.16 1.34615
-0.64 -0.08 1.38462
-0.4 0.04 1.34615
-0.2 0.12 1.30769
-0.12 0.08 1.23077
-0.04 0.04 1.23077
0 -0.04 1.15385
-0.04 -0.08 1.07692
-0.08 -0.2 1
-0.16 -0.2 0.923077
-0.08 -0.12 1
0.12 0.04 1
0.24 0.16 0.961538
</gesture>
<gesture>
-0.04 -0.04 0.884615
0.04 0.08 1.03846
0.16 0.08 0.961538
0.16 0 0.923077
0.12 0.04 1
0.12 0.04 1.07692
-0.04 0 1.07692
0.04 0.04 1.15385
0.24 0.12 1.19231
0.48 0.28 1.19231
0.72 0.44 1.19231
0.92 0.6 1.15385
1 0.8 1.07692
0.96 1 0.961538
0.8 1.12 0.961538
0.72 1.28 1.07692
0.56 1.32 1.11538
0.28 1.12 0.846154
-0.08 0.88 0.5
-0.32 0.64 0.346154
-0.24 0.52 0.461538
-0.2 0.56 0.615385
-0.2 0.64 0.730769
-0.4 0.64 0.807692
-0.68 0.44 1
-1.04 0.2 1.03846
-1.28 -0.04 0.961538
-1.4 -0.2 1
-1.24 -0.2 1
-1 -0.08 1.03846
-0.84 0 1.03846
-0.84 -0.04 1.03846
-1 -0.12 1.07692
-1.08 -0.28 1.07692
-1.16 -0.36 1.11538
-1.2 -0.36 1.11538
-0.96 -0.2 1.15385
-0.6 0.04 1.23077
-0.16 0.28 1.30769
0.2 0.44 1.34615
0.24 0.32 1.26923
0.08 0.12 1.23077
-0.12 -0.16 1.19231
-0.24 -0.24 1.11538
-0.12 -0.28 1.23077
</gesture>
<gesture>
-0.12 -0.08 0.884615
-0.04 0 0.961538
-0.12 0 1.03846
-0.04 0 0.961538
0.08 0.04 0.961538
-0.04 -0.04 0.961538
0.04 0 0.961538
0.04 0 1.03846
0 0 1
0 0.04 1
0.16 0.16 1.03846
0.28 0.2 1.07692
0.36 0.28 1.11538
0.52 0.36 1.15385
0.68 0.48 1.07692
0.84 0.68 1.03846
0.92 0.84 0.961538
0.92 1.04 1
0.76 1.16 1.19231
0.64 1.2 1.19231
0.44 1.2 1.19231
0.36 1.16 1.15385
0.32 1.16 1.07692
0.04 1.08 0.653846
-0.44 0.76 0.346154
-0.76 0.36 0.346154
-0.84 0.24 0.461538
-0.84 0.2 0.5
-0.92 0.2 0.576923
-1.04 0.16 0.730769
-1.08 0.12 0.884615
-1.28 -0.04 1
-1.56 -0.32 1.07692
-1.68 -0.44 1.11538
-1.6 -0.48 1.11538
-1.44 -0.48 1.11538
-1.32 -0.4 1.19231
-0.96 -0.12 1.34615
-0.32 0.2 1.46154
0.12 0.36 1.42308
0.16 0.28 1.42308
0 0.04 1.30769
</gesture>
<gesture>
-0.04 0 0.923077
-0.12 0 0.961538
-0.08 0.04 1
0.16 0.16 1
0.4 0.28 0.961538
0.52 0.36 1
0.6 0.44 0.961538
0.48 0.44 1.07692
0.2 0.32 1.19231
0.4 0.44 1.15385
0.8 0.6 1.19231
1.08 0.84 1.30769
1.24 1.16 1.30769
1.16 1.52 1.15385
0.88 1.76 1.07692
0.56 1.96 1.30769
0.12 1.72 1.57692
-0.28 1.48 1.30769
-0.96 0.88 0.307692
-1.28 0.32 0.0769231
-1.44 -0.04 0.269231
-1.48 -0.2 0.5
-1.48 -0.2 0.576923
-1.28 -0.04 0.730769
-1 0.12 0.884615
-0.8 0.2 0.884615
-0.92 0.08 0.807692
-1.2 -0.2 0.730769
-1.48 -0.44 0.692308
-1.6 -0.56 0.730769
-1.48 -0.52 0.846154
-1.28 -0.4 1
-1 -0.2 1.11538
-0.64 0 1.26923
-0.2 0.2 1.34615
0.04 0.24 1.38462
0.12 0.12 1.30769
0 -0.04 1.19231
-0.16 -0.2 1.07692
-0.24 -0.32 1.03846
-0.28 -0.36 1
-0.32 -0.32 1.03846
-0.28 -0.24 1.07692
0 0 0.961538
</gesture>
<gesture>
0.44 -0.04 0.961538
0.56 0.08 1.07692
0.6 0.16 1.23077
0.6 0.24 1.23077
0.68 0.28 1.11538
0.68 0.48 1
0.72 0.72 0.961538
0.72 0.84 1.03846
0.68 1 1.03846
0.64 1.12 1
0.52 1.08 1
0.36 1.12 0.961538
0.24 1 0.884615
0.12 0.96 0.923077
0.04 0.8 0.961538
-0.2 0.64 0.961538
-0.44 0.56 0.923077
-0.64 0.36 0.884615
-0.96 0.24 0.884615
-1.32 0.16 0.884615
-1.6 0.04 0.961538
-1.68 0 1.03846
-1.48 0.12 1.07692
-1.16 0.24 1.15385
-0.92 0.4 1.23077
-0.72 0.44 1.26923
-0.6 0.44 1.23077
-0.56 0.36 1.23077
-0.56 0.28 1.23077
-0.56 0.2 1.23077
-0.48 0.2 1.23077
-0.36 0.2 1.19231
-0.28 0.2 1.15385
-0.24 0.16 1.15385
-0.24 0.12 1.15385
-0.28 0.04 1.15385
-0.32 -0.04 1.11538
-0.4 -0.12 1.07692
-0.48 -0.12 1.03846
</gesture>
<gesture>
1.08 0.84 1.19231
1.28 1.28 1.15385
1.36 1.68 1.07692
1.2 2 1
0.96 2.28 0.884615
0.48 2.28 0.884615
-0.2 1.72 1.07692
-0.88 0.8 0.961538
-1.48 0.08 0.846154
-1.68 -0.24 0.769231
-1.36 -0.16 0.807692
-0.72 0.12 0.884615
-0.48 0.32 1
-0.72 0.32 1.03846
-1.12 0.16 1.03846
-1.44 0 1.03846
-1.52 -0.04 1
-1.32 0.08 0.961538
-1 0.24 0.961538
-0.68 0.44 1.03846
-0.4 0.52 1.11538
-0.24 0.52 1.19231
-0.24 0.4 1.26923
-0.32 0.28 1.30769
-0.36 0.16 1.30769
-0.32 0.08 1.26923
-0.24 0.08 1.23077
-0.16 0.08 1.19231
-0.12 0.08 1.19231
-0.16 0.04 1.19231
-0.24 0 1.15385
</gesture>
<gesture>
0.56 0.2 1.15385
0.6 0.24 1.23077
0.4 0.36 1.38462
0.28 0.44 1.30769
0.32 0.48 1.23077
0.52 0.64 1.19231
0.68 0.92 1.11538
0.84 1.16 0.923077
0.76 1.32 0.846154
0.24 1.28 0.923077
-0.28 1.12 1.07692
-0.52 0.72 1.03846
-0.52 0.44 0.923077
-0.64 0.16 0.846154
-0.76 0 0.807692
-0.92 0 0.846154
-0.92 -0.04 0.923077
-0.96 -0.04 0.961538
-1.12 -0.04 1
-1.24 -0.08 0.961538
-1 0.04 0.846154
-0.8 0.16 0.807692
-0.68 0.24 0.807692
-0.6 0.24 0.846154
-0.56 0.24 0.923077
-0.48 0.2 1
-0.48 0.16 1.03846
-0.52 0.08 1.07692
-0.48 0.08 1.15385
-0.32 0.08 1.15385
-0.2 0.12 1.19231
-0.12 0.12 1.19231
-0.08 0.08 1.19231
-0.04 0.08 1.19231
-0.08 0 1.15385
-0.2 -0.08 1.15385
</gesture>
<gesture>
0.44 0.28 1.23077
0.56 0.4 1.26923
0.6 0.56 1.23077
0.64 0.72 1.15385
0.64 0.8 1.15385
0.48 0.88 1.15385
0.36 1 1.19231
0.16 0.92 1.15385
-0.16 0.64 0.961538
-0.48 0.48 0.846154
-0.56 0.28 0.846154
-0.36 0.36 0.807692
-0.08 0.6 0.846154
0.04 0.72 0.884615
-0.24 0.48 0.884615
-0.88 0.12 0.807692
-1.6 -0.16 0.846154
-1.8 -0.28 0.923077
-1.44 -0.2 0.884615
-1.12 0.04 0.961538
-0.92 0.16 0.961538
-0.72 0.24 1.03846
-0.64 0.28 1
-0.48 0.32 1.03846
-0.44 0.24 0.961538
-0.44 0.16 0.961538
-0.52 0.08 0.961538
-0.48 0.12 1
-0.32 0.16 1
-0.2 0.2 1
-0.12 0.2 1.03846
-0.12 0.16 1.03846
-0.16 0.08 1.07692
-0.24 0.04 1.07692
-0.28 0 1.07692
-0.36 -0.04 1.07692
-0.4 -0.08 1.03846
</gesture>
<gesture>
0.6 0.36 1.30769
0.72 0.6 1.38462
0.96 0.84 1.38462
1.12 1.2 1.23077
1.12 1.6 1.07692
0.72 1.68 1
0.12 1.48 0.961538
-0.76 0.72 0.807692
-1.32 -0.08 0.576923
-1.32 -0.44 0.538462
-0.84 -0.36 0.615385
-0.24 0.08 0.730769
0.12 0.44 0.807692
0.04 0.6 0.807692
-0.32 0.52 0.846154
-0.68 0.32 0.846154
-1.04 0.12 0.846154
-1.36 -0.04 0.846154
-1.4 -0.08 0.884615
-1.2 0 0.884615
-0.88 0.16 1
-0.64 0.24 1.03846
-0.52 0.28 1.07692
-0.44 0.24 1.07692
-0.44 0.2 1.11538
-0.52 0.12 1.11538
-0.56 0.04 1.11538
-0.48 0.08 1.15385
-0.24 0.2 1.15385
-0.04 0.28 1.15385
0.08 0.28 1.07692
0.04 0.24 1.07692
-0.04 0.16 1.07692
-0.16 0.04 1.07692
-0.28 -0.04 1.07692
-0.36 -0.08 1.11538
</gesture>
<gesture>
0.36 -0.08 0.884615
0.44 -0.04 0.846154
0.44 0 0.884615
0.44 0.08 0.961538
0.52 0.16 1.03846
0.64 0.24 1
0.8 0.32 0.923077
1 0.44 0.884615
1.04 0.52 0.923077
0.92 0.48 1
0.84 0.48 1.07692
0.92 0.6 1
0.92 0.64 0.961538
0.76 0.68 1.03846
0.72 0.8 1.11538
0.64 0.92 1
0.36 0.84 0.923077
0.04 0.68 0.884615
-0.16 0.52 0.846154
-0.36 0.32 0.653846
-0.48 0.24 0.576923
-0.52 0.2 0.576923
-0.68 0.08 0.653846
-0.6 0.12 0.807692
-0.76 0 0.884615
-1.04 -0.2 0.884615
-1.24 -0.36 0.884615
-1.2 -0.4 0.884615
-1.08 -0.32 0.884615
-0.92 -0.24 0.923077
-0.68 -0.12 0.923077
-0.6 -0.08 0.884615
-0.6 -0.08 0.846154
-0.52 -0.08 0.807692
-0.56 -0.08 0.846154
-0.6 -0.12 0.923077
-0.56 -0.16 1.03846
-0.52 -0.16 1.11538
-0.48 -0.16 1.19231
-0.4 -0.12 1.23077
-0.32 -0.12 1.19231
-0.32 -0.08 1.15385
-0.36 -0.16 1.11538
-0.4 -0.16 1.07692
-0.4 -0.2 1.03846
-0.4 -0.16 1.03846
-0.24 -0.08 1.11538
-0.2 -0.08 1.11538
-0.24 -0.12 1.15385
-0.36 -0.16 1.11538
-0.44 -0.2 1.11538
-0.44 -0.2 1.07692
-0.48 -0.2 1.03846
-0.48 -0.16 1.03846
-0.52 -0.16 1.03846
-0.6 -0.2 1.03846
-0.72 -0.24 1.03846
-0.8 -0.24 1
-0.76 -0.16 1
-0.68 -0.16 1
-0.72 -0.2 0.961538
-0.8 -0.28 0.923077
-1 -0.4 0.884615
-1.12 -0.24 0.884615
-0.96 -0.12 0.923077
-0.92 0 0.961538
-0.88 0.12 1.03846
-0.76 0.32 1.15385
-0.6 0.56 1.15385
-0.44 0.76 1.07692
-0.28 0.88 0.961538
</gesture>
<gesture>
0.4 -0.08 0.923077
0.4 -0.04 0.923077
0.36 -0.04 1
0.2 -0.12 0.923077
0.2 -0.16 0.884615
0.24 -0.08 0.846154
0.4 0.08 1
0.56 0.12 1
0.68 0.16 1
0.76 0.24 1
0.76 0.28 1.03846
0.68 0.24 1.15385
0.64 0.24 1.11538
0.68 0.24 1
0.76 0.32 0.923077
0.88 0.4 0.884615
0.84 0.44 0.961538
0.64 0.44 1
0.64 0.56 1
0.76 0.76 1.11538
0.76 0.96 1.23077
0.56 1.08 1.03846
-0.04 0.92 0.807692
-0.48 0.68 0.846154
-0.52 0.64 0.884615
-0.56 0.6 0.730769
-0.84 0.52 0.615385
-0.96 0.56 0.653846
-1 0.52 0.653846
-1.32 0.32 0.615385
-1.48 0.16 0.653846
-1.56 0.08 0.692308
-1.6 0 0.730769
-1.48 0.04 0.769231
-1.32 0.08 0.769231
-1.28 0.04 0.807692
-1.16 0.08 0.846154
-0.92 0.12 0.923077
-0.8 0.2 1.03846
-0.6 0.2 1.07692
-0.52 0.2 1.11538
-0.48 0.2 1.11538
-0.44 0.12 1.15385
-0.48 0.04 1.19231
-0.56 -0.04 1.19231
-0.56 -0.08 1.15385
-0.52 -0.04 1.11538
-0.44 0 1.11538
-0.36 0.04 1.07692
-0.28 0.08 1.03846
-0.16 0.12 1
-0.2 0.08 0.961538
-0.28 0.04 0.923077
-0.32 0 0.884615
-0.36 0 0.923077
-0.36 0.08 0.923077
-0.4 0.08 0.923077
-0.4 0.08 0.961538
-0.52 0.04 0.961538
-0.6 0 1
-0.76 -0.08 1.03846
-0.96 -0.16 1.07692
-1.04 -0.16 1.07692
-1.04 -0.08 1.07692
-1 -0.08 1.03846
-1 0 0.961538
-0.92 0.08 0.961538
-0.76 0.08 0.923077
-0.84 0 0.923077
-0.84 -0.04 1
</gesture>
<gesture>
0.56 0.28 1
0.68 0.36 1.03846
0.72 0.36 0.961538
0.56 0.4 0.961538
0.4 0.48 0.961538
0.24 0.36 0.846154
0.08 0.24 0.730769
-0.04 0.16 0.730769
-0.12 0.08 0.730769
0 0.12 0.846154
0.2 0.24 0.923077
0.16 0.32 0.961538
-0.04 0.28 0.846154
-0.2 0.32 0.807692
-0.12 0.44 0.884615
-0.16 0.52 0.884615
-0.4 0.44 0.769231
-0.4 0.52 0.846154
-0.84 0.24 0.653846
-1.32 -0.04 0.538462
-1.4 -0.12 0.461538
-1.32 -0.08 0.384615
-1.12 0.04 0.423077
-1.04 0.08 0.615385
-1 0.12 0.807692
-0.96 0.12 0.961538
-0.96 0.08 1.15385
-0.84 0.08 1.11538
-0.84 0.08 1.03846
-0.76 0.08 1
-0.6 0.16 0.961538
-0.56 0.12 0.923077
-0.6 0.08 0.923077
-0.6 0.04 0.961538
-0.56 0.04 1.07692
-0.56 0.04 1.15385
-0.52 0 1.19231
-0.48 0 1.15385
-0.48 0.04 1.11538
-0.4 0.04 1.03846
-0.4 0.04 0.961538
-0.36 0.04 0.884615
-0.36 0.04 0.923077
-0.36 0.04 0.961538
-0.36 0.08 1
-0.32 0.08 1
-0.32 0.08 0.961538
-0.36 0.08 0.923077
-0.44 0.08 0.923077
-0.52 0.08 0.961538
-0.6 0.08 1.03846
-0.68 0.08 1.07692
-0.84 0 1.07692
-1 -0.04 1
-1.12 -0.08 0.961538
-1.2 -0.08 0.884615
-1.28 -0.08 0.807692
-1.32 -0.12 0.692308
-1.32 -0.08 0.653846
-1.32 -0.04 0.692308
-1.28 0.04 0.730769
-1.24 0.16 0.884615
-1.12 0.28 1
-0.96 0.36 1.11538
-0.88 0.44 1.15385
</gesture>
<gesture>
0.44 0.04 1
0.48 0.08 1.07692
0.48 0.2 1.19231
0.6 0.24 1.19231
0.68 0.28 1.15385
0.72 0.4 1.19231
0.72 0.52 1.23077
0.64 0.52 1.07692
0.44 0.44 0.923077
0.28 0.4 0.807692
0.24 0.32 0.653846
0.24 0.36 0.692308
0.24 0.36 0.846154
0.24 0.48 1.03846
0.24 0.56 1.15385
0.2 0.68 1.30769
0.12 0.76 1.26923
-0.08 0.84 1.23077
-0.36 0.72 1.07692
-0.6 0.6 0.961538
-1.2 0.12 0.423077
-1.64 -0.32 0.0384615
-1.48 -0.4 -0.115385
-1.2 -0.2 -0.115385
-0.96 0 0.115385
-0.8 0.2 0.461538
-0.84 0.24 0.692308
-0.96 0.2 0.846154
-0.92 0.24 0.884615
-0.84 0.24 0.961538
-0.84 0.24 1.03846
-0.8 0.24 1.07692
-0.8 0.24 1.03846
-0.84 0.2 1
-0.84 0.2 0.923077
-0.8 0.24 0.884615
-0.76 0.28 1
-0.76 0.24 1.07692
-0.76 0.2 1.15385
-0.68 0.2 1.19231
-0.64 0.2 1.23077
-0.6 0.2 1.19231
-0.56 0.2 1.15385
-0.56 0.2 1.07692
-0.52 0.2 1.03846
-0.52 0.2 0.961538
-0.44 0.24 1
-0.4 0.24 1
-0.44 0.2 0.961538
-0.4 0.2 0.961538
-0.48 0.2 1
-0.44 0.24 0.884615
-0.52 0.2 0.923077
-0.56 0.16 0.961538
-0.64 0.16 1
-0.64 0.16 1.07692
-0.6 0.2 1.11538
-0.64 0.16 1
-0.64 0.12 0.923077
-0.72 0.04 0.846154
-0.8 0.04 0.807692
-0.68 0.08 0.846154
-0.56 0.04 0.884615
-0.68 -0.04 0.884615
-0.68 -0.04 0.846154
-0.68 -0.12 0.807692
-0.76 -0.2 0.730769
-0.96 -0.32 0.730769
-1.12 -0.36 0.692308
-1.2 -0.24 0.730769
-1.16 0 0.846154
-1.04 0.24 0.961538
-0.92 0.4 1.11538
-0.84 0.44 1.15385
-0.76 0.48 1.03846
</gesture>
<gesture>
0.04 -0.16 1
0.12 -0.2 0.923077
0.16 -0.2 0.884615
0.12 -0.2 0.923077
0.12 -0.08 1.07692
0.2 -0.08 1
0.24 0 1
0.36 0.08 1.03846
0.52 0.2 1.07692
0.6 0.24 1
0.56 0.28 1.03846
0.44 0.28 1.11538
0.4 0.28 1.15385
0.48 0.36 1.19231
0.6 0.48 1.26923
0.68 0.64 1.30769
0.48 0.72 0.923077
0.2 0.68 0.5
0.04 0.68 0.615385
0 0.76 0.846154
0 0.88 0.961538
-0.08 1 0.923077
-0.36 1 1
-0.76 0.76 1
-1.12 0.56 1
-1.72 0.2 0.807692
-1.84 -0.08 0.615385
-1.68 -0.12 0.461538
-1.48 -0.04 0.346154
-1.28 0.08 0.307692
-1 0.28 0.423077
-0.76 0.4 0.5
-0.84 0.4 0.576923
-0.92 0.4 0.730769
-0.92 0.36 0.923077
-0.92 0.36 1.07692
-0.88 0.36 1.15385
-0.96 0.28 1.19231
-0.92 0.24 1.19231
-0.88 0.24 1.11538
-0.76 0.28 1.07692
-0.64 0.28 1.07692
-0.6 0.28 1.03846
-0.52 0.24 1
-0.44 0.24 0.961538
-0.4 0.2 0.923077
-0.36 0.2 0.961538
-0.4 0.2 1
-0.4 0.16 1.03846
-0.4 0.16 1.07692
-0.44 0.16 1.07692
-0.32 0.24 1.03846
-0.28 0.28 1
-0.32 0.24 0.961538
-0.32 0.2 0.923077
-0.44 0.2 0.923077
-0.52 0.2 1
-0.56 0.2 1.03846
-0.52 0.28 1.03846
-0.48 0.28 1.03846
-0.48 0.28 1
-0.48 0.24 0.923077
-0.52 0.24 0.923077
-0.56 0.24 0.961538
-0.6 0.2 1
-0.64 0.2 1.03846
-0.6 0.24 1.11538
-0.56 0.24 1.03846
-0.64 0.12 0.846154
-0.72 0.04 0.769231
-0.84 -0.04 0.692308
-0.96 -0.04 0.692308
-0.96 -0.04 0.730769
-1 -0.08 0.692308
-1.12 -0.08 0.692308
-1.12 -0.12 0.653846
-1.2 -0.16 0.653846
-1.32 -0.12 0.653846
-1.36 0.08 0.730769
-1.28 0.36 0.884615
-1.04 0.64 1.11538
-0.8 0.84 1.23077
</gesture>
<gesture>
0.24 0.04 0.961538
0.28 0.08 1
0.32 0.08 1
0.4 0.08 0.961538
0.44 0.12 0.923077
0.44 0.12 0.884615
0.56 0.32 0.884615
0.8 0.4 0.884615
1 0.56 0.884615
1 0.72 0.807692
0.8 0.84 0.730769
0.44 0.92 0.769231
-0.16 0.76 0.846154
-0.48 0.76 0.884615
-0.36 0.68 0.884615
-0.16 0.64 0.846154
0.04 0.8 0.730769
0.24 0.88 0.730769
0 0.8 0.769231
-0.6 0.48 1
-1.12 0 1.19231
-1.48 -0.32 1.23077
-1.64 -0.52 1.26923
-1.44 -0.56 1.11538
-1.08 -0.36 0.884615
-0.6 0.04 0.692308
-0.12 0.24 0.615385
0 0.32 0.692308
-0.12 0.28 0.769231
-0.28 0.2 0.884615
-0.56 0.04 1
-0.8 -0.08 1.19231
-1 -0.24 1.30769
-1.04 -0.28 1.30769
-0.88 -0.12 1.19231
-0.44 0.08 1.07692
-0.08 0.28 0.923077
0.16 0.4 0.807692
0.2 0.36 0.846154
0.04 0.24 0.923077
-0.2 0.12 0.961538
-0.4 -0.04 1.03846
-0.6 -0.2 1.15385
-0.64 -0.24 1.19231
-0.56 -0.12 1.15385
-0.32 0.04 1.07692
-0.04 0.2 0.961538
0.2 0.36 0.846154
0.28 0.36 0.807692
0.2 0.28 0.846154
-0.04 0.12 0.884615
-0.24 -0.04 0.961538
-0.4 -0.12 1.03846
-0.48 -0.16 1.11538
-0.48 -0.16 1.15385
-0.48 -0.12 1.15385
-0.52 -0.12 1.11538
-0.6 -0.12 1.11538
-0.64 -0.04 1.03846
-0.48 0.08 1
-0.36 0.08 0.961538
-0.44 -0.08 1.03846
</gesture>
<gesture>
0.88 0.2 0.884615
1 0.12 0.846154
1 0.32 0.846154
0.88 0.56 0.807692
0.64 0.68 0.961538
0.64 0.92 0.961538
1 1.36 1
1.16 1.6 0.846154
0.68 1.76 0.653846
0.04 1.8 0.615385
-0.76 1.44 0.653846
-1.36 0.8 0.807692
-1.44 0.56 0.884615
-1.04 0.48 0.923077
-0.92 0.28 1
-0.96 0.12 0.884615
-0.84 0.08 0.807692
-0.92 -0.04 0.730769
-1.04 -0.04 0.807692
-1.08 -0.08 0.884615
-0.96 -0.04 0.807692
-0.76 0.04 0.807692
-0.64 0.08 0.807692
-0.56 0.08 0.807692
-0.52 0.08 0.846154
-0.56 0.04 0.884615
-0.6 0 0.923077
-0.64 -0.04 0.961538
-0.64 -0.08 0.961538
-0.64 -0.04 0.961538
-0.56 0.04 1
-0.4 0.08 0.961538
-0.28 0.12 0.961538
-0.32 0.08 1
-0.48 0 1.03846
-0.68 -0.16 1.11538
-0.88 -0.28 1.11538
-1.08 -0.4 1.07692
-1.2 -0.44 1.03846
</gesture>
<gesture>
0.8 0.2 1.03846
0.92 0.16 0.923077
0.96 0.24 0.884615
1.04 0.44 0.846154
0.96 0.6 0.846154
0.8 1 0.846154
0.92 1.32 0.846154
0.92 1.6 0.730769
0.64 1.88 0.692308
0.12 1.92 0.653846
-0.6 1.6 0.807692
-1.2 1.08 0.961538
-1.48 0.52 1.15385
-1.64 0.08 1.19231
-1.36 -0.08 1.07692
-0.96 -0.04 0.807692
-0.72 0.16 0.692308
-0.64 0.12 0.615385
-0.68 0.2 0.653846
-0.72 0.12 0.730769
-0.8 0.08 0.807692
-1 0.04 0.846154
-1.08 -0.04 0.923077
-1.12 -0.16 0.923077
-1.04 -0.12 0.884615
-0.76 0 0.846154
-0.68 0.08 0.884615
-0.64 0.08 0.884615
-0.6 0.12 0.923077
-0.48 0.2 0.961538
-0.32 0.24 1
-0.28 0.28 1
-0.36 0.16 1.03846
-0.48 0.08 1.07692
-0.64 -0.08 1.07692
-0.92 -0.28 1.15385
</gesture>
<gesture>
0.84 0.08 0.807692
0.84 0.16 0.807692
0.8 0.36 0.807692
0.84 0.6 0.769231
1.16 1.12 0.961538
1.64 1.84 1.07692
1.76 2.2 1.03846
0.92 2.36 0.884615
-0.16 2.4 0.807692
-1.24 1.76 1
-1.48 1.08 1.07692
-1.32 0.92 1
-0.92 0.64 1
-0.76 0.56 0.923077
-0.56 0.52 0.846154
-0.56 0.6 0.692308
-0.72 0.52 0.692308
-0.96 0.44 0.730769
-1.16 0.28 0.730769
-1.36 0.12 0.730769
-1.56 0.04 0.730769
-1.72 -0.12 0.692308
-1.76 -0.2 0.653846
-1.64 -0.16 0.653846
-1.36 -0.08 0.692308
-1.08 0.04 0.730769
-0.84 0.16 0.769231
-0.72 0.2 0.807692
-0.72 0.2 0.846154
-0.68 0.2 0.884615
-0.6 0.24 0.923077
-0.52 0.24 0.884615
-0.4 0.2 0.846154
-0.36 0.2 0.846154
-0.4 0.16 0.846154
-0.52 0.08 0.884615
-0.56 0.04 0.961538
-0.56 0.04 1.03846
-0.48 0.08 1.11538
-0.36 0.12 1.15385
-0.32 0.12 1.15385
-0.4 0.08 1.11538
-0.56 -0.04 1.07692
-0.72 -0.12 1.03846
-0.88 -0.24 0.961538
</gesture>
<gesture>
2.08 1.04 0.923077
2.24 1.12 0.769231
1.64 1.76 0.884615
0.24 2.08 1
-0.84 1.76 0.692308
-1.24 1.68 0.576923
-1 1.2 0.576923
-0.4 1.16 0.653846
-0.08 1.24 0.769231
-0.48 0.96 0.884615
-0.92 0.72 0.884615
-1 0.72 1
-0.96 0.52 1
-1.24 0.4 1.03846
-1.4 0.24 1.03846
-1.4 0 0.923077
-1.52 -0.12 0.807692
-1.44 -0.2 0.692308
-1.36 -0.2 0.692308
-1.28 -0.16 0.769231
-1.16 -0.12 0.846154
-1 0 0.846154
-0.8 0.16 0.807692
-0.52 0.32 0.807692
-0.24 0.44 0.769231
-0.08 0.44 0.769231
-0.04 0.4 0.846154
-0.12 0.32 0.961538
-0.24 0.2 1.07692
-0.4 0.08 1.19231
-0.48 0 1.23077
-0.52 0 1.23077
-0.36 0.08 1.19231
-0.24 0.12 1.15385
-0.16 0.2 1.11538
-0.04 0.2 1.15385
-0.08 0.2 1.15385
-0.2 0.12 1.15385
-0.36 0.04 1.11538
</gesture>
